tc_sid,max_wind_speed,start_time,end_time,SID,Name
1998285N12149,19.5329780578613281,1998-10-20 21:00:00,1998-10-23 12:00:00,1998285N12149,BABS
2011159N13122,8.9379034042358398,2011-06-08 00:00:00,2011-06-09 06:00:00,2011159N13122,SARIKA
1993322N09137,17.7017478942871094,1993-11-19 21:00:00,1993-11-21 15:00:00,1993322N09137,KYLE
2024145N08130,13.7097463607788086,2024-05-24 09:00:00,2024-05-27 03:00:00,2024145N08130,EWINIAR
1998281N11151,15.5695333480834961,1998-10-13 21:00:00,1998-10-15 06:00:00,1998281N11151,ZEB
1991257N16130,13.1230716705322266,1991-09-15 21:00:00,1991-09-16 03:00:00,1991257N16130,NAT
2022232N18131,11.2852077484130842,2022-08-22 18:00:00,2022-08-23 12:00:00,2022232N18131,MA-ON
1983282N09155,10.1647272109985352,1983-10-13 21:00:00,1983-10-15 06:00:00,1983282N09155,KIM
1980349N10138,14.4548864364624023,1980-12-21 18:00:00,1980-12-24 00:00:00,1980349N10138,ED
2013217N11118,10.3144388198852521,2013-08-05 00:00:00,2013-08-05 00:00:00,2013217N11118,MANGKHUT
1996227N08156,6.2940893173217773,1996-08-19 12:00:00,1996-08-20 00:00:00,1996227N08156,NIKI
2024245N12129,16.1495780944824183,2024-09-01 00:00:00,2024-09-03 00:00:00,2024245N12129,YAGI
1980296N05165,17.3211650848388672,1980-11-04 00:00:00,1980-11-06 00:00:00,1980296N05165,BETTY
1989153N04144,13.5500669479370117,1989-06-05 18:00:00,1989-06-07 03:00:00,1989153N04144,DOT
1983301N11119,6.0846176147460938,1983-10-27 18:00:00,1983-10-27 21:00:00,1983301N11119,UNNAMED
2024313N10169,13.3297929763793945,2024-11-16 03:00:00,2024-11-17 18:00:00,2024313N10169,MAN-YI
2013001N04141,13.0757160186767560,2013-01-02 15:00:00,2013-01-04 00:00:00,2013001N04141,SONAMU
1998259N17118,9.8700752258300781,1998-09-17 00:00:00,1998-09-19 15:00:00,1998259N17118,VICKI
2021132N06132,10.1092557907104474,2021-05-13 12:00:00,2021-05-14 18:00:00,2021132N06132,UNNAMED
2024314N07151,5.3061265945434570,2024-11-13 21:00:00,2024-11-14 18:00:00,2024314N07151,USAGI
1992174N13126,11.9403104782104474,1992-06-21 18:00:00,1992-06-23 18:00:00,1992174N13126,CHUCK
2012296N06135,15.2686386108398438,2012-10-23 21:00:00,2012-10-25 06:00:00,2012296N06135,SON-TINH
1983279N04140,17.4372348785400391,1983-10-10 06:00:00,1983-10-11 09:00:00,1983279N04140,JOE
2018358N07140,11.8958282470703125,2018-12-28 18:00:00,2018-12-29 18:00:00,2018358N07140,UNNAMED
2005311N08140,5.8597464561462402,2005-11-10 00:00:00,2005-11-11 03:00:00,2005311N08140,TEMBIN
2006209N13130,11.1612625122070312,2006-07-30 15:00:00,2006-07-31 21:00:00,2006209N13130,PRAPIROON
1994181N17137,8.5895538330078125,1994-07-01 18:00:00,1994-07-02 06:00:00,1994181N17137,UNNAMED
1995148N07150,15.0905218124389648,1995-06-01 15:00:00,1995-06-03 09:00:00,1995148N07150,DEANNA
2015069N04173,4.6051650047302246,2015-03-20 12:00:00,2015-03-21 12:00:00,2015069N04173,BAVI
2001309N10130,17.4417495727539062,2001-11-06 06:00:00,2001-11-08 21:00:00,2001309N10130,LINGLING
1989279N07151,18.1010570526123047,1989-10-10 06:00:00,1989-10-11 03:00:00,1989279N07151,DAN
1983317N12153,7.1100282669067383,1983-11-26 21:00:00,1983-11-27 00:00:00,1983317N12153,ORCHID
1982077N04161,20.1918678283691406,1982-03-25 03:00:00,1982-03-27 21:00:00,1982077N04161,NELSON
1983167N05145,8.7690925598144531,1983-06-21 09:00:00,1983-06-22 15:00:00,1983167N05145,SARAH
2021148N05142,25.8662052154541016,2021-06-01 06:00:00,2021-06-03 00:00:00,2021148N05142,CHOI-WAN
1995293N05177,21.3559818267822230,1995-11-02 06:00:00,1995-11-03 09:00:00,1995293N05177,ANGELA
1986179N11175,15.9999179840087873,1986-07-08 15:00:00,1986-07-09 18:00:00,1986179N11175,PEGGY
2020285N17120,3.1517302989959717,2020-10-11 00:00:00,2020-10-11 09:00:00,2020285N17120,NANGKA
1981176N08150,12.0078315734863281,1981-06-30 06:00:00,1981-07-01 09:00:00,1981176N08150,KELLY
2009196N14129,10.6351795196533203,2009-07-17 03:00:00,2009-07-17 09:00:00,2009196N14129,MOLAVE
1995262N04161,6.0735964775085449,1995-09-25 03:00:00,1995-09-26 09:00:00,1995262N04161,UNNAMED
1993331N05172,14.7982835769653320,1993-12-04 21:00:00,1993-12-06 09:00:00,1993331N05172,LOLA
2018294N08161,12.6762514114379883,2018-10-29 18:00:00,2018-10-30 12:00:00,2018294N08161,YUTU
2017291N09116,14.6189393997192383,2017-10-19 12:00:00,2017-10-20 00:00:00,2017291N09116,UNNAMED
1993224N07153,9.4940242767333984,1993-08-17 15:00:00,1993-08-18 03:00:00,1993224N07153,TASHA
1996312N14125,16.2743511199951172,1996-11-06 12:00:00,1996-11-13 00:00:00,1996312N14125,ERNIE
2019071N04161,10.7185335159301758,2019-03-18 15:00:00,2019-03-19 12:00:00,2019071N04161,UNNAMED
1996058N06137,17.3975505828857422,1996-02-29 03:00:00,1996-03-02 00:00:00,1996058N06137,UNNAMED
1993298N11154,12.1372709274291992,1993-11-01 03:00:00,1993-11-02 00:00:00,1993298N11154,IRA
1993096N08148,10.3067884445190447,1993-04-13 00:00:00,1993-04-14 12:00:00,1993096N08148,UNNAMED
1983321N11111,6.4443750381469727,1983-11-23 12:00:00,1983-11-25 00:00:00,1983321N11111,PERCY
2023101N14127,9.8918848037719727,2023-04-11 09:00:00,2023-04-13 06:00:00,2023101N14127,UNNAMED
1982190N09148,15.1014833450317383,1982-07-14 09:00:00,1982-07-15 15:00:00,1982190N09148,WINONA
1983239N10183,4.0941729545593262,1983-09-06 06:00:00,1983-09-07 00:00:00,1983239N10183,ELLEN
2022099N11128,18.5076980590820312,2022-04-09 06:00:00,2022-04-12 21:00:00,2022099N11128,MEGI
2017104N11130,12.9073534011840820,2017-04-15 03:00:00,2017-04-16 18:00:00,2017104N11130,UNNAMED
2017236N15129,7.9542551040649405,2017-08-24 21:00:00,2017-08-26 00:00:00,2017236N15129,PAKHAR
1997311N10151,5.2316088676452637,1997-11-15 03:00:00,1997-11-16 18:00:00,1997311N10151,MORT
1991163N11128,12.4054212570190447,1991-06-12 12:00:00,1991-06-16 00:00:00,1991163N11128,YUNYA
1990166N06141,15.3672914505004883,1990-06-21 21:00:00,1990-06-22 12:00:00,1990166N06141,OFELIA
2017253N14130,13.8016071319580078,2017-09-11 06:00:00,2017-09-12 12:00:00,2017253N14130,DOKSURI
2003316N11141,20.6298370361328125,2003-11-13 15:00:00,2003-11-14 18:00:00,2003316N11141,NEPARTAK
2008169N08135,31.6593303680419922,2008-06-20 00:00:00,2008-06-22 15:00:00,2008169N08135,FENGSHEN
1993271N14134,13.1556625366210920,1993-10-03 21:00:00,1993-10-06 06:00:00,1993271N14134,FLO
2019329N09160,24.7006187438964844,2019-12-02 03:00:00,2019-12-03 15:00:00,2019329N09160,KAMMURI
2008238N13130,5.3415193557739258,2008-08-27 06:00:00,2008-08-28 03:00:00,2008238N13130,UNNAMED
2021276N07131,14.0791749954223633,2021-10-03 15:00:00,2021-10-05 00:00:00,2021276N07131,LIONROCK
2006298N12143,6.3309698104858398,2006-10-29 09:00:00,2006-10-30 03:00:00,2006298N12143,CIMARON
1995209N17122,9.8193731307983416,1995-07-27 18:00:00,1995-07-29 06:00:00,1995209N17122,UNNAMED
2008272N08139,12.8323945999145508,2008-09-30 00:00:00,2008-10-01 18:00:00,2008272N08139,HIGOS
2008311N08128,12.5728702545165998,2008-11-05 15:00:00,2008-11-06 21:00:00,2008311N08128,MAYSAK
1995247N05144,7.4059214591979980,1995-09-07 00:00:00,1995-09-08 06:00:00,1995247N05144,UNNAMED
1982248N14133,23.4123249053955078,1982-09-07 12:00:00,1982-09-10 00:00:00,1982248N14133,IRVING
2017284N15134,14.0222015380859357,2017-10-12 15:00:00,2017-10-13 06:00:00,2017284N15134,KHANUN
1996090N04150,13.5964326858520508,1996-04-06 15:00:00,1996-04-11 18:00:00,1996090N04150,ANN
1993261N11131,5.5401396751403809,1993-09-19 21:00:00,1993-09-20 12:00:00,1993261N11131,DOT
1980181N10130,15.9454669952392560,1980-06-29 12:00:00,1980-07-01 09:00:00,1980181N10130,UNNAMED
1994192N05139,12.7558193206787074,1994-07-15 06:00:00,1994-07-15 21:00:00,1994192N05139,WALT
1989026N11127,19.2061195373535156,1989-01-28 06:00:00,1989-01-28 06:00:00,1989026N11127,UNNAMED
2020211N14124,10.6216001510620117,2020-07-29 00:00:00,2020-07-29 18:00:00,2020211N14124,SINLAKU
1996299N11121,4.7698874473571777,1996-10-24 12:00:00,1996-10-25 12:00:00,1996299N11121,UNNAMED
2023349N04141,12.9398746490478516,2023-12-17 21:00:00,2023-12-18 18:00:00,2023349N04141,JELAWAT
2003294N11112,8.0421295166015625,2003-10-23 03:00:00,2003-10-24 00:00:00,2003294N11112,UNNAMED
2017242N19122,12.4673805236816406,2017-08-30 06:00:00,2017-08-31 00:00:00,2017242N19122,MAWAR
2013210N13122,9.9308242797851562,2013-07-28 18:00:00,2013-07-29 21:00:00,2013210N13122,JEBI
2012331N03157,14.6891584396362305,2012-12-03 18:00:00,2012-12-09 06:00:00,2012331N03157,BOPHA
2020234N19123,5.0863070487976074,2020-08-20 18:00:00,2020-08-20 18:00:00,2020234N19123,BAVI
1981256N10150,12.8009290695190447,1981-09-19 15:00:00,1981-09-20 09:00:00,1981256N10150,CLARA
2020312N10131,13.6049184799194318,2020-11-07 06:00:00,2020-11-08 06:00:00,2020312N10131,ETAU
2017312N10134,8.5136442184448242,2017-11-08 15:00:00,2017-11-10 00:00:00,2017312N10134,HAIKUI
2013178N09133,16.3495311737060547,2013-06-28 18:00:00,2013-06-30 03:00:00,2013178N09133,RUMBIA
1980225N11145,9.8051061630249023,1980-08-14 18:00:00,1980-08-16 00:00:00,1980225N11145,UNNAMED
2002222N11131,16.2074432373046875,2002-08-12 21:00:00,2002-08-13 18:00:00,2002222N11131,UNNAMED
1991062N04156,17.9629364013671875,1991-03-12 18:00:00,1991-03-14 09:00:00,1991062N04156,SHARON
1999111N08126,10.3271884918212873,1999-04-21 00:00:00,1999-04-22 15:00:00,1999111N08126,KATE
2020299N11144,13.6987409591674805,2020-10-31 18:00:00,2020-11-01 21:00:00,2020299N11144,GONI
1999253N17124,13.7999134063720703,1999-09-10 12:00:00,1999-09-12 18:00:00,1999253N17124,YORK
1980317N09118,11.0545034408569318,1980-11-12 00:00:00,1980-11-12 03:00:00,1980317N09118,UNNAMED
2008135N12116,12.9520025253295881,2008-05-17 03:00:00,2008-05-18 03:00:00,2008135N12116,HALONG
1990232N13141,15.2505264282226562,1990-08-26 00:00:00,1990-08-26 21:00:00,1990232N13141,BECKY
1988306N15130,17.6151371002197266,1988-11-01 18:00:00,1988-11-03 06:00:00,1988306N15130,UNNAMED
1993317N08149,8.6461791992187500,1993-11-18 09:00:00,1993-11-19 00:00:00,1993317N08149,UNNAMED
1985183N08136,15.6765060424804688,1985-07-04 18:00:00,1985-07-06 03:00:00,1985183N08136,UNNAMED
1996356N08110,11.9679746627807599,1996-12-26 06:00:00,1996-12-26 12:00:00,1996356N08110,GREG
1987320N03171,24.8839511871337891,1987-11-25 06:00:00,1987-11-26 06:00:00,1987320N03171,NINA
2013306N07162,31.0928592681884766,2013-11-07 18:00:00,2013-11-08 15:00:00,2013306N07162,HAIYAN
1986302N05178,9.6052923202514648,1986-11-06 12:00:00,1986-11-08 03:00:00,1986302N05178,HERBERT
2011270N18139,10.0524702072143555,2011-09-30 21:00:00,2011-10-01 15:00:00,2011270N18139,NALGAE
1989272N18120,4.5650625228881836,1989-09-28 18:00:00,1989-09-28 18:00:00,1989272N18120,BRIAN
1995334N09129,8.5794401168823242,1995-12-03 18:00:00,1995-12-05 12:00:00,1995334N09129,UNNAMED
1991317N09141,11.2326526641845703,1991-11-15 15:00:00,1991-11-18 00:00:00,1991317N09141,WILDA
1989010N16212,8.6236028671264648,1989-01-21 06:00:00,1989-01-22 00:00:00,1989010N16212,WINONA
2003226N07156,7.1301646232604972,2003-08-22 09:00:00,2003-08-23 00:00:00,2003226N07156,KROVANH
1982227N09140,15.9121036529540998,1982-08-19 06:00:00,1982-08-26 03:00:00,1982227N09140,FAYE
1980300N08137,10.1991748809814435,1980-10-28 12:00:00,1980-10-29 15:00:00,1980300N08137,CARY
1998327N09126,11.4718246459960920,1998-11-22 12:00:00,1998-11-23 18:00:00,1998327N09126,ELVIS
1984267N18120,4.7035031318664551,1984-09-22 18:00:00,1984-09-22 18:00:00,1984267N18120,LYNN
2014190N08154,19.6610851287841797,2014-07-14 21:00:00,2014-07-16 06:00:00,2014190N08154,RAMMASUN
2003196N05150,16.9609127044677734,2003-07-22 00:00:00,2003-07-22 12:00:00,2003196N05150,IMBUDO
1999342N08116,8.0011529922485352,1999-12-07 12:00:00,1999-12-07 12:00:00,1999342N08116,UNNAMED
2024259N17126,15.3145751953125000,2024-09-16 12:00:00,2024-09-17 06:00:00,2024259N17126,SOULIK
1994088N09148,21.7362041473388672,1994-04-03 12:00:00,1994-04-05 15:00:00,1994088N09148,OWEN
2021046N06142,10.3285350799560547,2021-02-21 15:00:00,2021-02-23 00:00:00,2021046N06142,DUJUAN
2016211N11128,13.2602739334106445,2016-07-30 21:00:00,2016-07-31 15:00:00,2016211N11128,NIDA
2009123N10111,7.6688690185546884,2009-05-07 06:00:00,2009-05-08 00:00:00,2009123N10111,CHAN-HOM
2008262N16142,13.8047132492065447,2008-09-22 03:00:00,2008-09-22 12:00:00,2008262N16142,HAGUPIT
1985240N08148,15.8240766525268555,1985-09-02 09:00:00,1985-09-03 18:00:00,1985240N08148,TESS
1984291N13130,10.8332929611206037,1984-10-19 15:00:00,1984-10-22 06:00:00,1984291N13130,WARREN
1995264N06174,19.5878124237060547,1995-09-29 03:00:00,1995-10-01 03:00:00,1995264N06174,SIBYL
2000299N08139,22.5474128723144531,2000-10-27 06:00:00,2000-10-31 03:00:00,2000299N08139,XANGSANE
2018039N08151,18.1982040405273438,2018-02-12 21:00:00,2018-02-15 21:00:00,2018039N08151,SANBA
2017247N16132,2.5278284549713135,2017-09-05 12:00:00,2017-09-05 18:00:00,2017247N16132,GUCHOL
2017161N13119,8.6424131393432617,2017-06-10 00:00:00,2017-06-10 00:00:00,2017161N13119,MERBOK
2006340N08142,18.9315681457519531,2006-12-09 00:00:00,2006-12-10 18:00:00,2006340N08142,UTOR
1996201N07137,13.0688886642456037,1996-07-24 15:00:00,1996-07-25 15:00:00,1996201N07137,GLORIA
2020288N13124,10.7319345474243164,2020-10-14 06:00:00,2020-10-15 00:00:00,2020288N13124,UNNAMED
2021185N13121,7.4274988174438477,2021-07-03 18:00:00,2021-07-04 03:00:00,2021185N13121,UNNAMED
2020229N18123,5.7553787231445312,2020-08-16 06:00:00,2020-08-17 06:00:00,2020229N18123,HIGOS
2016328N09130,17.5477943420410156,2016-11-24 03:00:00,2016-11-25 21:00:00,2016328N09130,TOKAGE
1982073N07153,12.8446474075317383,1982-03-19 09:00:00,1982-03-21 06:00:00,1982073N07153,MAMIE
1997143N17111,12.6963882446289062,1997-05-25 15:00:00,1997-05-26 18:00:00,1997143N17111,LEVI
1980126N08150,9.3682765960693377,1980-05-13 12:00:00,1980-05-15 21:00:00,1980126N08150,DOM
1993250N17119,4.2488861083984375,1993-09-07 12:00:00,1993-09-08 21:00:00,1993250N17119,ABE
2001181N08141,19.6997737884521484,2001-07-04 03:00:00,2001-07-04 12:00:00,2001181N08141,UTOR
1985281N02144,9.1519994735717756,1985-10-11 06:00:00,1985-10-12 15:00:00,1985281N02144,CECIL
2014260N13135,14.3075590133666992,2014-09-18 21:00:00,2014-09-19 21:00:00,2014260N13135,FUNG-WONG
2003196N11137,18.9588813781738281,2003-07-16 21:00:00,2003-07-18 06:00:00,2003196N11137,KONI
1992198N13135,11.6275472640991193,1992-07-19 18:00:00,1992-07-20 15:00:00,1992198N13135,GARY
1993166N06131,8.6387624740600586,1993-06-18 15:00:00,1993-06-20 06:00:00,1993166N06131,UNNAMED
1996305N11121,7.1270561218261719,1996-10-31 06:00:00,1996-10-31 21:00:00,1996305N11121,UNNAMED
2017202N19124,5.9861650466918945,2017-07-21 15:00:00,2017-07-21 21:00:00,2017202N19124,ROKE
1992259N11159,14.0699663162231445,1992-09-20 15:00:00,1992-09-21 09:00:00,1992259N11159,TED
2020281N14126,7.5843834877014160,2020-10-07 00:00:00,2020-10-08 12:00:00,2020281N14126,LINFA
2000334N08130,25.5893840789794922,2000-11-30 09:00:00,2000-12-01 12:00:00,2000334N08130,RUMBIA
2008012N12123,8.6214389801025391,2008-01-12 06:00:00,2008-01-13 00:00:00,2008012N12123,UNNAMED
1986276N07177,17.4587516784667969,1986-10-11 00:00:00,1986-10-12 12:00:00,1986276N07177,ELLEN
1996250N08148,10.6125822067260742,1996-09-10 00:00:00,1996-09-10 09:00:00,1996250N08148,UNNAMED
2017364N07138,18.4827270507812464,2018-01-01 09:00:00,2018-01-02 18:00:00,2017364N07138,BOLAVEN
1985284N05159,16.7645759582519531,1985-10-17 18:00:00,1985-10-19 03:00:00,1985284N05159,DOT
2009324N06129,13.1674137115478516,2009-11-24 03:00:00,2009-11-25 00:00:00,2009324N06129,UNNAMED
1999096N10136,6.8198814392089844,1999-04-09 03:00:00,1999-04-10 00:00:00,1999096N10136,UNNAMED
1995292N08150,5.6943278312683105,1995-10-23 09:00:00,1995-10-24 06:00:00,1995292N08150,YVETTE
2001170N11138,13.3702182769775408,2001-06-22 03:00:00,2001-06-22 09:00:00,2001170N11138,CHEBI
2013282N14132,14.4904499053955078,2013-10-11 09:00:00,2013-10-12 00:00:00,2013282N14132,NARI
2015226N12151,15.5315780639648438,2015-08-21 00:00:00,2015-08-21 18:00:00,2015226N12151,GONI
2015183N13130,15.3045492172241193,2015-07-04 12:00:00,2015-07-05 18:00:00,2015183N13130,LINFA
2007323N09128,20.0003051757812464,2007-11-18 18:00:00,2007-11-27 21:00:00,2007323N09128,HAGIBIS
2010191N12138,7.8845992088317871,2010-07-13 00:00:00,2010-07-14 03:00:00,2010191N12138,CONSON
1983186N04153,17.7463760375976562,1983-07-13 18:00:00,1983-07-15 12:00:00,1983186N04153,VERA
1999241N12133,11.9562683105468768,1999-09-02 03:00:00,1999-09-02 18:00:00,1999241N12133,WENDY
1993185N09137,7.8504576683044434,1993-07-07 15:00:00,1993-07-09 03:00:00,1993185N09137,LEWIS
2015348N04146,12.9257688522338867,2015-12-18 12:00:00,2015-12-19 12:00:00,2015348N04146,UNNAMED
2009173N10132,20.9513034820556641,2009-06-23 00:00:00,2009-06-24 21:00:00,2009173N10132,NANGKA
2019302N11118,5.1604728698730469,2019-10-28 12:00:00,2019-10-28 15:00:00,2019302N11118,BULBUL:MATMO
2019314N14136,4.9925174713134766,2019-11-18 00:00:00,2019-11-20 18:00:00,2019314N14136,KALMAEGI
2017008N08128,14.6641511917114240,2017-01-07 21:00:00,2017-01-11 03:00:00,2017008N08128,UNNAMED
1993059N05136,12.5440006256103516,1993-03-01 03:00:00,1993-03-02 00:00:00,1993059N05136,UNNAMED
2003357N11142,16.3723640441894531,2003-12-27 06:00:00,2003-12-27 18:00:00,2003357N11142,UNNAMED
2020291N06141,10.6453895568847638,2020-10-20 09:00:00,2020-10-21 00:00:00,2020291N06141,SAUDEL
2016355N07146,10.4176244735717756,2016-12-25 03:00:00,2016-12-26 09:00:00,2016355N07146,NOCK-TEN
1985268N16126,5.3458418846130371,1985-09-25 15:00:00,1985-09-26 09:00:00,1985268N16126,ANDY
1988177N07137,11.3914260864257795,1988-06-27 03:00:00,1988-06-28 03:00:00,1988177N07137,VANESSA
2004327N16125,7.4807748794555664,2004-11-22 03:00:00,2004-11-23 12:00:00,2004327N16125,MERBOK
2020313N08135,12.7429981231689435,2020-11-11 00:00:00,2020-11-12 03:00:00,2020313N08135,VAMCO
2022342N06133,8.3085174560546875,2022-12-09 12:00:00,2022-12-10 06:00:00,2022342N06133,PAKHAR
2013196N14128,4.7221522331237793,2013-07-16 15:00:00,2013-07-17 06:00:00,2013196N14128,CIMARON
2021296N06127,9.4561872482299805,2021-10-22 15:00:00,2021-10-23 21:00:00,2021296N06127,UNNAMED
1990250N13157,10.4374265670776367,1990-09-14 09:00:00,1990-09-14 21:00:00,1990250N13157,ED
1988307N09131,12.3671388626098633,1988-11-02 06:00:00,1988-11-04 18:00:00,1988307N09131,TESS
1980137N04158,7.1434350013732910,1980-05-24 03:00:00,1980-05-26 06:00:00,1980137N04158,FORREST
1984239N08146,20.3431472778320312,1984-09-01 12:00:00,1984-09-03 06:00:00,1984239N08146,IKE
2002214N19120,7.8715906143188477,2002-08-01 18:00:00,2002-08-01 18:00:00,2002214N19120,KAMMURI
2020296N09137,15.0606946945190447,2020-10-25 06:00:00,2020-10-26 03:00:00,2020296N09137,MOLAVE
1992188N07156,9.0121212005615252,1992-07-11 00:00:00,1992-07-11 09:00:00,1992188N07156,ELI
1981178N05160,10.5837316513061523,1981-07-03 06:00:00,1981-07-04 21:00:00,1981178N05160,LYNN
2020160N10133,11.4208259582519513,2020-06-09 12:00:00,2020-06-12 03:00:00,2020160N10133,NURI
2009213N16130,16.6495532989501953,2009-08-01 09:00:00,2009-08-01 21:00:00,2009213N16130,GONI
1990312N12121,3.5811367034912109,1990-11-08 06:00:00,1990-11-08 12:00:00,1990312N12121,NELL
2011167N08129,7.1677012443542480,2011-06-19 09:00:00,2011-06-19 21:00:00,2011167N08129,HAIMA
2024313N15138,5.7599139213562012,2024-11-10 21:00:00,2024-11-11 15:00:00,2024313N15138,TORAJI
2023201N13134,16.9147243499755824,2023-07-25 09:00:00,2023-07-26 12:00:00,2023201N13134,DOKSURI
1995294N05163,12.1405630111694318,1995-10-27 18:00:00,1995-10-29 09:00:00,1995294N05163,ZACK
2021346N05145,25.2938804626464844,2021-12-16 03:00:00,2021-12-17 15:00:00,2021346N05145,RAI
1987219N08134,18.9001159667968750,1987-08-11 18:00:00,1987-08-13 03:00:00,1987219N08134,BETTY
1988295N10138,28.7319545745849609,1988-10-23 21:00:00,1988-10-25 06:00:00,1988295N10138,RUBY
2000196N16122,14.7519397735595703,2000-07-13 18:00:00,2000-07-14 15:00:00,2000196N16122,UNNAMED
1997298N06140,9.7625188827514648,1997-10-29 03:00:00,1997-10-31 09:00:00,1997298N06140,LINDA
1984184N06139,7.5066313743591309,1984-07-05 00:00:00,1984-07-06 12:00:00,1984184N06139,BETTY
2011346N03156,13.8594255447387678,2011-12-16 03:00:00,2011-12-17 21:00:00,2011346N03156,WASHI
2009270N10148,14.6903152465820312,2009-10-02 21:00:00,2009-10-09 09:00:00,2009270N10148,PARMA
1980201N08155,14.2551107406616193,1980-07-24 21:00:00,1980-07-25 15:00:00,1980201N08155,KIM
2017347N11131,21.6329669952392543,2017-12-16 00:00:00,2017-12-18 12:00:00,2017347N11131,KAI-TAK
2004319N10134,15.8499650955200195,2004-11-15 00:00:00,2004-11-20 15:00:00,2004319N10134,MUIFA
2016287N12131,14.9934253692626953,2016-10-14 18:00:00,2016-10-16 03:00:00,2016287N12131,SARIKA
2023234N18128,15.0492019653320312,2023-08-26 00:00:00,2023-08-30 00:00:00,2023234N18128,SAOLA
2009299N12153,12.1008062362670881,2009-10-30 06:00:00,2009-10-31 03:00:00,2009299N12153,MIRINAE
1999230N12129,16.0234889984130824,1999-08-19 18:00:00,1999-08-20 15:00:00,1999230N12129,SAM
2004333N06154,16.8247413635253906,2004-12-02 00:00:00,2004-12-02 21:00:00,2004333N06154,NANMADOL
1986309N07162,16.5524139404296875,1986-11-12 06:00:00,1986-11-13 18:00:00,1986309N07162,IDA
1980076N06148,11.0664472579956037,1980-03-23 09:00:00,1980-03-25 12:00:00,1980076N06148,UNNAMED
2013049N05131,14.3899946212768555,2013-02-18 21:00:00,2013-02-20 21:00:00,2013049N05131,SHANSHAN
2020129N07134,15.6247272491455078,2020-05-14 00:00:00,2020-05-16 12:00:00,2020129N07134,VONGFONG
2002008N07141,9.3243513107299805,2002-01-12 15:00:00,2002-01-14 00:00:00,2002008N07141,TAPAH
1990171N11148,13.3787231445312500,1990-06-26 21:00:00,1990-06-27 12:00:00,1990171N11148,PERCY
2003302N11133,6.7567214965820312,2003-10-31 18:00:00,2003-11-02 00:00:00,2003302N11133,MELOR
1996246N08148,8.9966268539428711,1996-09-07 15:00:00,1996-09-07 21:00:00,1996246N08148,SALLY
2023194N16123,13.0304203033447266,2023-07-13 06:00:00,2023-07-14 06:00:00,2023194N16123,TALIM
2000193N10131,14.7519397735595703,2000-07-13 15:00:00,2000-07-14 00:00:00,2000193N10131,UNNAMED
1999310N09138,20.6820659637451172,1999-11-07 21:00:00,1999-11-10 06:00:00,1999310N09138,FRANKIE
2014080N08128,14.1671829223632795,2014-03-21 15:00:00,2014-03-24 06:00:00,2014080N08128,UNNAMED
1995276N13124,6.7225379943847656,1995-10-03 06:00:00,1995-10-04 06:00:00,1995276N13124,UNNAMED
1995225N12124,5.1087851524353027,1995-08-13 06:00:00,1995-08-14 15:00:00,1995225N12124,IRVING
1982339N07139,8.7923545837402344,1982-12-07 21:00:00,1982-12-10 18:00:00,1982339N07139,ROGER
1996137N13111,2.7333443164825439,1996-05-22 12:00:00,1996-05-22 15:00:00,1996137N13111,CAM
2015273N12130,8.8024568557739258,2015-10-01 00:00:00,2015-10-02 06:00:00,2015273N12130,MUJIGAE
2005257N15120,5.5918836593627930,2005-09-14 06:00:00,2005-09-14 06:00:00,2005257N15120,VICENTE
1988290N08145,11.5145368576049805,1988-10-20 12:00:00,1988-10-20 21:00:00,1988290N08145,PAT
1981355N07149,13.4658498764038086,1981-12-25 06:00:00,1981-12-26 12:00:00,1981355N07149,LEE
1986094N06138,13.4928636550903320,1986-04-06 00:00:00,1986-04-06 18:00:00,1986094N06138,UNNAMED
1982283N17148,8.2264175415039062,1982-10-14 09:00:00,1982-10-15 00:00:00,1982283N17148,NANCY
2013305N07141,12.5187492370605469,2013-11-03 21:00:00,2013-11-05 03:00:00,2013305N07141,UNNAMED
1987219N08155,9.0592603683471680,1987-08-17 09:00:00,1987-08-18 15:00:00,1987219N08155,CARY
2005350N08127,15.0149450302124023,2005-12-15 12:00:00,2005-12-17 12:00:00,2005350N08127,UNNAMED
1989286N14137,9.9212875366210920,1989-10-19 00:00:00,1989-10-19 15:00:00,1989286N14137,ELSIE
1987288N13168,14.4476537704467756,1987-10-23 09:00:00,1987-10-24 03:00:00,1987288N13168,LYNN
2018202N18116,11.1649312973022461,2018-07-21 06:00:00,2018-07-21 18:00:00,2018202N18116,UNNAMED
1980197N15133,11.0528945922851562,1980-07-15 21:00:00,1980-07-16 18:00:00,1980197N15133,UNNAMED
1984180N16130,6.9152040481567383,1984-07-02 06:00:00,1984-07-02 12:00:00,1984180N16130,ALEX
1990140N09122,9.7547292709350586,1990-05-19 18:00:00,1990-05-22 00:00:00,1990140N09122,UNNAMED
2012201N15129,10.8773593902587873,2012-07-20 09:00:00,2012-07-20 21:00:00,2012201N15129,VICENTE
2001047N09134,14.7809162139892560,2001-02-17 18:00:00,2001-02-22 00:00:00,2001047N09134,UNNAMED
2015085N06162,6.5071387290954590,2015-04-04 21:00:00,2015-04-05 09:00:00,2015085N06162,MAYSAK
1991301N08173,6.2577767372131348,1991-11-12 15:00:00,1991-11-14 03:00:00,1991301N08173,SETH
2015344N07145,15.6514530181884766,2015-12-13 21:00:00,2015-12-17 00:00:00,2015344N07145,MELOR
2019242N18126,6.3570671081542969,2019-08-31 00:00:00,2019-08-31 12:00:00,2019242N18126,KAJIKI
1989199N05139,13.0190477371215820,1989-07-19 21:00:00,1989-07-20 15:00:00,1989199N05139,IRVING
2007324N10140,12.8538236618041992,2007-11-25 12:00:00,2007-11-27 00:00:00,2007324N10140,MITAG
2009121N13124,13.7321414947509766,2009-04-30 18:00:00,2009-05-03 06:00:00,2009121N13124,KUJIRA
1998351N11125,6.9139990806579590,1998-12-17 00:00:00,1998-12-19 00:00:00,1998351N11125,UNNAMED
1997283N07177,10.0369672775268555,1997-10-19 06:00:00,1997-10-20 21:00:00,1997283N07177,IVAN
1991244N19126,8.2111005783081055,1991-09-01 12:00:00,1991-09-02 18:00:00,1991244N19126,JOEL
1981311N08119,7.9196772575378418,1981-11-07 03:00:00,1981-11-07 15:00:00,1981311N08119,UNNAMED
1983188N06136,11.6806917190551758,1983-07-09 15:00:00,1983-07-10 15:00:00,1983188N06136,TIP
1995236N10134,6.8428225517272949,1995-08-30 00:00:00,1995-08-30 00:00:00,1995236N10134,KENT
2016279N19130,10.7347612380981445,2016-10-05 18:00:00,2016-10-05 21:00:00,2016279N19130,AERE
2012046N08130,12.1371011734008754,2012-02-15 09:00:00,2012-02-17 00:00:00,2012046N08130,UNNAMED
1994134N05161,14.1212844848632795,1994-05-24 03:00:00,1994-05-25 03:00:00,1994134N05161,UNNAMED
1984299N18127,9.3593311309814453,1984-10-26 00:00:00,1984-10-26 03:00:00,1984299N18127,UNNAMED
1990319N07197,14.5986118316650408,1990-12-04 06:00:00,1990-12-05 00:00:00,1990319N07197,OWEN
1998217N10130,4.0928759574890137,1998-08-07 18:00:00,1998-08-08 12:00:00,1998217N10130,PENNY
2019195N13136,18.6836967468261719,2019-07-16 15:00:00,2019-07-16 21:00:00,2019195N13136,DANAS
2024293N13141,17.4478511810302734,2024-10-23 09:00:00,2024-10-24 21:00:00,2024293N13141,TRAMI
1992194N07140,8.4633836746215820,1992-07-15 00:00:00,1992-07-15 12:00:00,1992194N07140,FAYE
2021248N11131,14.7755861282348633,2021-09-06 06:00:00,2021-09-08 18:00:00,2021248N11131,CONSON
2009268N14128,16.0620555877685547,2009-09-26 00:00:00,2009-09-26 12:00:00,2009268N14128,KETSANA
1996328N08151,13.2268543243408203,1996-12-01 00:00:00,1996-12-02 00:00:00,1996328N08151,UNNAMED
2013220N12137,13.2220830917358398,2013-08-11 15:00:00,2013-08-12 03:00:00,2013220N12137,UTOR
1987311N10148,8.7616462707519531,1987-11-14 00:00:00,1987-11-15 21:00:00,1987311N10148,MAURY
2001323N05107,12.2502250671386719,2001-11-22 18:00:00,2001-11-23 06:00:00,2001323N05107,UNNAMED
1990283N15129,4.1608290672302246,1990-10-10 09:00:00,1990-10-11 06:00:00,1990283N15129,JEANA
2004158N07142,10.0774793624877912,2004-06-08 15:00:00,2004-06-10 09:00:00,2004158N07142,CHANTHU
2017232N19130,10.6899499893188477,2017-08-21 15:00:00,2017-08-21 18:00:00,2017232N19130,HATO
2020195N17125,4.0170669555664062,2020-07-13 06:00:00,2020-07-13 21:00:00,2020195N17125,UNNAMED
2011266N13139,17.0826225280761719,2011-09-26 18:00:00,2011-09-27 12:00:00,2011266N13139,NESAT
2009164N10131,9.7155742645263672,2009-06-14 18:00:00,2009-06-16 09:00:00,2009164N10131,LINFA
1996282N11162,4.7863669395446777,1996-10-17 06:00:00,1996-10-18 15:00:00,1996282N11162,ABEL:BETH
2000305N06136,10.8617401123046875,2000-11-01 18:00:00,2000-11-03 09:00:00,2000305N06136,BEBINCA
2022292N21132,5.9136271476745605,2022-10-21 12:00:00,2022-10-21 15:00:00,2022292N21132,UNNAMED
2018195N19138,14.1143636703491193,2018-07-16 09:00:00,2018-07-16 18:00:00,2018195N19138,SON-TINH
1988263N15126,8.1322422027587891,1988-09-19 09:00:00,1988-09-20 06:00:00,1988263N15126,KIT
2004174N14146,17.3858470916748047,2004-06-29 12:00:00,2004-06-30 15:00:00,2004174N14146,MINDULLE
1991111N04145,13.1833057403564435,1991-04-24 03:00:00,1991-04-25 21:00:00,1991111N04145,VANESSA
1991304N08140,10.9012804031372088,1991-11-04 12:00:00,1991-11-06 09:00:00,1991304N08140,THELMA
1995244N08139,11.6476144790649396,1995-09-03 18:00:00,1995-09-04 09:00:00,1995244N08139,NINA
2020258N11127,9.7930908203125000,2020-09-14 06:00:00,2020-09-15 12:00:00,2020258N11127,NOUL
2012317N07118,13.8194799423217756,2012-11-12 06:00:00,2012-11-12 12:00:00,2012317N07118,UNNAMED
1998342N06141,16.0273876190185547,1998-12-10 09:00:00,1998-12-11 12:00:00,1998342N06141,FAITH
2014029N10143,18.3308315277099609,2014-01-31 09:00:00,2014-02-01 09:00:00,2014029N10143,KAJIKI
2000248N18126,13.6116704940795881,2000-09-10 15:00:00,2000-09-11 18:00:00,2000248N18126,BOPHA
1986316N06146,11.6593713760375959,1986-11-19 15:00:00,1986-11-19 21:00:00,1986316N06146,JOE
2017321N07124,12.7011480331420881,2017-11-16 12:00:00,2017-11-17 09:00:00,2017321N07124,KIROGI
1982325N08176,13.9066686630249023,1982-12-07 00:00:00,1982-12-08 09:00:00,1982325N08176,PAMELA
1995215N12145,2.7143108844757080,1995-08-09 03:00:00,1995-08-09 15:00:00,1995215N12145,HELEN
2020353N06129,15.0305175781250000,2020-12-17 21:00:00,2020-12-19 15:00:00,2020353N06129,KROVANH
2002252N20121,5.5271019935607910,2002-09-08 18:00:00,2002-09-08 21:00:00,2002252N20121,HAGUPIT
1982246N16119,10.3873262405395508,1982-09-03 00:00:00,1982-09-03 15:00:00,1982246N16119,HOPE
1994250N14133,13.0608930587768555,1994-09-10 00:00:00,1994-09-10 15:00:00,1994250N14133,LUKE
1992314N08141,12.5332841873168945,1992-11-10 15:00:00,1992-11-12 03:00:00,1992314N08141,FORREST
1994197N14115,11.9103279113769513,1994-07-18 09:00:00,1994-07-19 15:00:00,1994197N14115,YUNYA
2019236N08143,14.1770114898681641,2019-08-27 12:00:00,2019-08-27 21:00:00,2019236N08143,PODUL
1996303N07155,16.2743511199951172,1996-11-05 15:00:00,1996-11-08 00:00:00,1996303N07155,ERNIE
1993253N06150,6.5274314880371094,1993-09-15 09:00:00,1993-09-16 00:00:00,1993253N06150,BECKY
1990272N11121,6.8956027030944824,1990-09-29 06:00:00,1990-09-30 03:00:00,1990272N11121,IRA
2001204N19127,4.8461313247680664,2001-07-23 09:00:00,2001-07-23 12:00:00,2001204N19127,YUTU
2005222N14131,11.4640951156616193,2005-08-11 15:00:00,2005-08-12 03:00:00,2005222N14131,SANVU
2017354N08134,17.0048580169677734,2017-12-21 15:00:00,2017-12-23 15:00:00,2017354N08134,TEMBIN
2008320N08122,11.8340215682983398,2008-11-14 18:00:00,2008-11-15 18:00:00,2008320N08122,NOUL
2017304N11127,9.9274635314941406,2017-10-31 03:00:00,2017-11-01 12:00:00,2017304N11127,DAMREY
1991289N06156,14.5505771636962873,1991-10-27 03:00:00,1991-10-29 00:00:00,1991289N06156,RUTH
1989134N07138,24.0252285003662074,1989-05-16 12:00:00,1989-05-18 03:00:00,1989134N07138,BRENDA
1989271N12142,11.1576118469238281,1989-10-05 12:00:00,1989-10-06 09:00:00,1989271N12142,ANGELA
1988356N05142,17.0304203033447266,1988-12-23 18:00:00,1988-12-27 12:00:00,1988356N05142,VAL
1999275N16135,6.8313493728637695,1999-10-04 21:00:00,1999-10-05 18:00:00,1999275N16135,DAN
1993231N09134,9.7837219238281250,1993-08-21 15:00:00,1993-08-23 12:00:00,1993231N09134,WINONA
2005262N13127,14.3788375854492188,2005-09-19 18:00:00,2005-09-22 00:00:00,2005262N13127,DAMREY
1987343N05154,16.4810924530029297,1987-12-15 18:00:00,1987-12-18 03:00:00,1987343N05154,PHYLLIS
2024308N08140,4.9370222091674805,2024-11-07 00:00:00,2024-11-07 21:00:00,2024308N08140,YINXING
2000138N16119,10.3142824172973633,2000-05-17 06:00:00,2000-05-18 09:00:00,2000138N16119,LONGWANG
1985162N05154,15.5870761871337873,1985-06-21 18:00:00,1985-06-22 06:00:00,1985162N05154,HAL
2009254N14130,7.8576102256774893,2009-09-12 15:00:00,2009-09-13 00:00:00,2009254N14130,KOPPU
2015122N07144,6.7389159202575684,2015-05-10 00:00:00,2015-05-10 21:00:00,2015122N07144,NOUL
1988150N19119,8.2184305191040039,1988-05-29 03:00:00,1988-05-29 09:00:00,1988150N19119,SUSAN
2007306N18133,6.1195926666259766,2007-11-04 09:00:00,2007-11-05 03:00:00,2007306N18133,PEIPAH
1993336N05164,10.9045219421386719,1993-12-09 15:00:00,1993-12-11 15:00:00,1993336N05164,MANNY
1984302N00149,21.6842975616455078,1984-11-04 15:00:00,1984-11-05 18:00:00,1984302N00149,AGNES
1987325N13126,8.1352577209472656,1987-11-20 21:00:00,1987-11-22 03:00:00,1987325N13126,OGDEN
1985294N10122,9.8891544342041016,1985-10-21 00:00:00,1985-10-27 15:00:00,1985294N10122,FAYE
2008217N19120,6.5411095619201660,2008-08-03 12:00:00,2008-08-03 15:00:00,2008217N19120,KAMMURI
2008229N13147,8.6307706832885742,2008-08-19 18:00:00,2008-08-20 12:00:00,2008229N13147,NURI
1994169N06152,12.8002109527587873,1994-06-22 09:00:00,1994-06-23 06:00:00,1994169N06152,SHARON
2018311N07179,12.1952362060546875,2018-11-20 12:00:00,2018-11-21 21:00:00,2018311N07179,USAGI
2015285N14151,18.4777946472167969,2015-10-17 12:00:00,2015-10-21 06:00:00,2015285N14151,KOPPU
1990129N05138,10.3833370208740234,1990-05-13 03:00:00,1990-05-15 06:00:00,1990129N05138,MARIAN
2006128N09138,20.4146080017089844,2006-05-11 09:00:00,2006-05-13 09:00:00,2006128N09138,CHANCHU
1988308N09140,32.2447929382324219,1988-11-06 21:00:00,1988-11-08 00:00:00,1988308N09140,SKIP
1993279N12114,11.5657491683959961,1993-10-07 06:00:00,1993-10-11 15:00:00,1993279N12114,UNNAMED
2013316N06130,13.0482149124145508,2013-11-11 21:00:00,2013-11-13 06:00:00,2013316N06130,PODUL
1991187N06139,14.6024703979492188,1991-07-08 21:00:00,1991-07-10 12:00:00,1991187N06139,ZEKE
2011126N11129,17.9455242156982422,2011-05-07 06:00:00,2011-05-09 21:00:00,2011126N11129,AERE
1995206N15133,8.9273462295532227,1995-07-27 03:00:00,1995-07-28 06:00:00,1995206N15133,GARY
2014254N10142,14.0847797393798828,2014-09-14 06:00:00,2014-09-14 18:00:00,2014254N10142,KALMAEGI
2003158N08156,15.9001188278198242,2003-06-14 15:00:00,2003-06-16 15:00:00,2003158N08156,SOUDELOR
1986343N05176,42.2696571350097656,1986-12-21 06:00:00,1986-12-23 00:00:00,1986343N05176,MARGE
2019004N03175,15.5800876617431641,2019-01-20 03:00:00,2019-01-22 12:00:00,2019004N03175,UNNAMED
1991220N10133,12.4209728240966797,1991-08-11 15:00:00,1991-08-13 06:00:00,1991220N10133,FRED
2016288N06146,11.3196144104003906,2016-10-19 12:00:00,2016-10-20 00:00:00,2016288N06146,HAIMA
1986228N19120,14.0846424102783203,1986-08-28 09:00:00,1986-09-03 03:00:00,1986228N19120,WAYNE
2021280N14137,15.7506093978881836,2021-10-11 06:00:00,2021-10-11 21:00:00,2021280N14137,KOMPASU
2002199N08130,21.7216453552246094,2002-07-18 12:00:00,2002-07-22 06:00:00,2002199N08130,UNNAMED
1994001N05156,13.5648193359375000,1994-01-05 06:00:00,1994-01-06 12:00:00,1994001N05156,UNNAMED
2006174N08135,7.3725671768188477,2006-06-24 09:00:00,2006-06-26 00:00:00,2006174N08135,JELAWAT
2000332N08133,25.5893840789794922,2000-11-29 15:00:00,2000-12-02 15:00:00,2000332N08133,RUMBIA
1983220N16111,10.5251550674438477,1983-08-13 18:00:00,1983-08-14 03:00:00,1983220N16111,CARMEN
2006349N08157,7.4171600341796884,2006-12-19 18:00:00,2006-12-20 06:00:00,2006349N08157,TRAMI
1997210N15120,12.6846494674682599,1997-07-28 12:00:00,1997-07-28 18:00:00,1997210N15120,VICTOR
2004074N03143,10.9696197509765625,2004-03-19 21:00:00,2004-03-20 21:00:00,2004074N03143,UNNAMED
1987245N17120,11.1444120407104474,1987-09-02 06:00:00,1987-09-02 06:00:00,1987245N17120,UNNAMED
2012177N11135,10.2474136352539062,2012-06-28 06:00:00,2012-06-28 12:00:00,2012177N11135,DOKSURI
1990163N08133,14.6568346023559553,1990-06-14 00:00:00,1990-06-15 00:00:00,1990163N08133,NATHAN
2022264N17132,11.7340202331542969,2022-09-25 00:00:00,2022-09-25 21:00:00,2022264N17132,NORU
2014334N02156,34.4805679321289062,2014-12-06 09:00:00,2014-12-09 06:00:00,2014334N02156,HAGUPIT
2007265N20122,11.6848230361938477,2007-09-21 12:00:00,2007-09-21 21:00:00,2007265N20122,FRANCISCO
1986275N10134,9.1100015640258789,1986-10-03 09:00:00,1986-10-07 03:00:00,1986275N10134,DOM
1980197N07154,12.6243410110473633,1980-07-20 15:00:00,1980-07-21 03:00:00,1980197N07154,JOE
2003144N16119,12.6177339553833008,2003-05-24 09:00:00,2003-05-27 21:00:00,2003144N16119,LINFA
1995277N07141,5.3561244010925293,1995-10-06 21:00:00,1995-10-08 12:00:00,1995277N07141,TED
1994232N10144,7.2230415344238290,1994-08-24 09:00:00,1994-08-25 03:00:00,1994232N10144,HARRY
2022299N11134,19.2102870941162074,2022-10-28 09:00:00,2022-10-29 21:00:00,2022299N11134,NALGAE
2012225N16133,13.9409942626953125,2012-08-14 15:00:00,2012-08-15 09:00:00,2012225N16133,KAI-TAK
1995252N08142,14.0630235671997088,1995-09-11 15:00:00,1995-09-14 00:00:00,1995252N08142,POLLY
2006268N12129,19.5153598785400391,2006-09-26 15:00:00,2006-09-28 12:00:00,2006268N12129,XANGSANE
2014362N07130,18.7674694061279297,2014-12-28 12:00:00,2014-12-30 21:00:00,2014362N07130,JANGMI
1994287N14156,12.7059669494628906,1994-10-20 15:00:00,1994-10-21 15:00:00,1994287N14156,TERESA
2007272N17125,15.8131837844848633,2007-09-29 00:00:00,2007-09-29 12:00:00,2007272N17125,LEKIMA
2002078N04138,11.8236150741577148,2002-03-21 03:00:00,2002-03-23 03:00:00,2002078N04138,UNNAMED
2001228N15118,15.2432575225830078,2001-08-16 06:00:00,2001-08-16 09:00:00,2001228N15118,UNNAMED
2001264N21126,11.1069736480712873,2001-09-23 03:00:00,2001-09-24 21:00:00,2001264N21126,LEKIMA
2009189N17129,10.3953237533569318,2009-07-09 15:00:00,2009-07-10 06:00:00,2009189N17129,SOUDELOR
2001338N10130,23.8861675262451172,2001-12-04 18:00:00,2001-12-06 21:00:00,2001338N10130,KAJIKI
1989314N10152,8.4284696578979492,1989-11-21 06:00:00,1989-11-22 18:00:00,1989314N10152,HUNT
1990310N07152,34.2809524536132812,1990-11-12 12:00:00,1990-11-13 18:00:00,1990310N07152,MIKE
1994189N16117,11.5285263061523438,1994-07-10 12:00:00,1994-07-10 21:00:00,1994189N16117,VANESSA
1990202N13130,11.0519313812255842,1990-07-27 00:00:00,1990-07-27 09:00:00,1990202N13130,TASHA
1989190N20160,13.7541608810424805,1989-07-15 15:00:00,1989-07-16 06:00:00,1989190N20160,GORDON
2000185N15117,12.5460338592529279,2000-07-03 12:00:00,2000-07-05 18:00:00,2000185N15117,KAI-TAK
2011282N08136,17.6982879638671875,2011-10-11 09:00:00,2011-10-13 00:00:00,2011282N08136,BANYAN
2010285N13145,13.1075000762939435,2010-10-18 00:00:00,2010-10-19 00:00:00,2010285N13145,MEGI
1991196N06153,10.4332990646362305,1991-07-22 00:00:00,1991-07-22 15:00:00,1991196N06153,BRENDAN
1993164N04160,13.2578859329223633,1993-06-25 15:00:00,1993-06-26 06:00:00,1993164N04160,KORYN
1984238N18137,16.3888168334960938,1984-08-28 15:00:00,1984-08-29 06:00:00,1984238N18137,JUNE
1984313N14154,13.8519163131713867,1984-11-17 03:00:00,1984-11-23 06:00:00,1984313N14154,BILL
1989187N15132,5.8289890289306641,1989-07-08 09:00:00,1989-07-08 21:00:00,1989187N15132,FAYE
2019354N05151,19.7177791595458949,2019-12-24 06:00:00,2019-12-25 18:00:00,2019354N05151,PHANFONE
1993353N05159,22.9093151092529297,1993-12-26 00:00:00,1993-12-27 18:00:00,1993353N05159,NELL
2022301N07140,6.0358347892761230,2022-11-02 12:00:00,2022-11-03 00:00:00,2022301N07140,BANYAN
2014329N08131,14.2260055541992188,2014-11-26 06:00:00,2014-11-27 21:00:00,2014329N08131,SINLAKU
1993193N08144,3.6926262378692623,1993-07-16 15:00:00,1993-07-17 00:00:00,1993193N08144,MARIAN
1984220N03145,9.5744428634643572,1984-08-13 12:00:00,1984-08-13 12:00:00,1984220N03145,UNNAMED
1981343N05150,13.4572725296020508,1981-12-21 21:00:00,1981-12-22 18:00:00,1981343N05150,KIT
2006311N16143,4.7449088096618652,2006-11-10 18:00:00,2006-11-11 15:00:00,2006311N16143,CHEBI
1996283N12133,7.1904258728027344,1996-10-11 15:00:00,1996-10-12 09:00:00,1996283N12133,BETH
1994345N06165,23.5595626831054688,1994-12-21 00:00:00,1994-12-22 21:00:00,1994345N06165,AXEL
2004134N07132,22.0606327056884766,2004-05-16 06:00:00,2004-05-17 09:00:00,2004134N07132,NIDA
2015203N16126,5.8513956069946289,2015-07-22 21:00:00,2015-07-23 15:00:00,2015203N16126,UNNAMED
2013301N13142,5.3172240257263184,2013-10-31 06:00:00,2013-10-31 21:00:00,2013301N13142,KROSA
2015012N09146,22.2927036285400391,2015-01-17 03:00:00,2015-01-19 12:00:00,2015012N09146,MEKKHALA
2012359N08134,16.6546020507812500,2012-12-25 09:00:00,2012-12-26 21:00:00,2012359N08134,WUKONG
2018250N12170,18.0745143890380788,2018-09-14 15:00:00,2018-09-15 06:00:00,2018250N12170,MANGKHUT
1999288N12129,10.2635192871093768,1999-10-15 12:00:00,1999-10-17 06:00:00,1999288N12129,EVE
2009251N16118,8.0781307220458984,2009-09-08 18:00:00,2009-09-08 21:00:00,2009251N16118,MUJIGAE
1983287N09164,6.0608615875244141,1983-10-20 15:00:00,1983-10-21 09:00:00,1983287N09164,LEX
1980171N06142,11.4305524826049805,1980-06-22 21:00:00,1980-06-24 06:00:00,1980171N06142,HERBERT
1981317N14153,8.9331340789794922,1981-11-19 06:00:00,1981-11-20 09:00:00,1981317N14153,HAZEN
2022285N17140,11.7258138656616193,2022-10-15 15:00:00,2022-10-16 03:00:00,2022285N17140,NESAT
1986353N03178,15.1995239257812500,1986-12-31 06:00:00,1987-01-01 06:00:00,1986353N03178,NORRIS
1992289N08135,13.5203247070312500,1992-10-25 12:00:00,1992-10-26 06:00:00,1992289N08135,COLLEEN
2021248N12141,9.5829877853393572,2021-09-10 09:00:00,2021-09-11 00:00:00,2021248N12141,CHANTHU
1985267N08133,4.5165624618530273,1985-09-26 00:00:00,1985-09-26 03:00:00,1985267N08133,ANDY
2011233N12129,14.5356464385986328,2011-08-26 12:00:00,2011-08-27 21:00:00,2011233N12129,NANMADOL
2005071N06152,17.3853569030761719,2005-03-16 15:00:00,2005-03-17 15:00:00,2005071N06152,ROKE
2006329N06150,17.8478202819824183,2006-11-29 18:00:00,2006-12-01 06:00:00,2006329N06150,DURIAN
1981319N07163,19.4673976898193359,1981-11-23 15:00:00,1981-11-24 18:00:00,1981319N07163,IRMA
1981283N07132,12.4214296340942383,1981-10-11 12:00:00,1981-10-12 21:00:00,1981283N07132,FABIAN
2011205N12130,15.4737443923950195,2011-07-25 15:00:00,2011-07-27 12:00:00,2011205N12130,NOCK-TEN
1988193N09149,12.7189760208129883,1988-07-17 18:00:00,1988-07-18 06:00:00,1988193N09149,WARREN
1993105N06165,11.8952846527099592,1993-04-27 18:00:00,1993-04-28 18:00:00,1993105N06165,UNNAMED
2005316N05134,7.4546685218811044,2005-11-19 18:00:00,2005-11-20 18:00:00,2005316N05134,BOLAVEN
2001125N05129,12.2423181533813477,2001-05-05 18:00:00,2001-05-12 15:00:00,2001125N05129,CIMARON
2008104N08128,13.6496095657348633,2008-04-13 03:00:00,2008-04-14 21:00:00,2008104N08128,NEOGURI
2010198N15123,6.4404473304748535,2010-07-17 09:00:00,2010-07-18 18:00:00,2010198N15123,CHANTHU
1986287N09141,18.3743648529052734,1986-10-18 12:00:00,1986-10-19 18:00:00,1986287N09141,GEORGIA
1988271N16125,7.6727595329284668,1988-09-27 06:00:00,1988-09-27 21:00:00,1988271N16125,UNNAMED
2000141N18116,1.9555046558380127,2000-05-21 12:00:00,2000-05-21 12:00:00,2000141N18116,UNNAMED
1983276N06130,8.0764732360839844,1983-10-04 00:00:00,1983-10-05 21:00:00,1983276N06130,HERBERT
1988005N03174,20.0624256134033203,1988-01-15 18:00:00,1988-01-17 00:00:00,1988005N03174,ROY
