tc_sid,max_wind_speed,start_time,end_time,SID,Name
1998285N12149,9.2827472686767560,1998-10-20 21:00:00,1998-10-23 12:00:00,1998285N12149,BABS
2011159N13122,7.6888504028320321,2011-06-08 00:00:00,2011-06-09 06:00:00,2011159N13122,SARIKA
1993322N09137,3.8246827125549312,1993-11-19 21:00:00,1993-11-21 15:00:00,1993322N09137,KYLE
2024145N08130,4.4115309715270996,2024-05-24 09:00:00,2024-05-27 03:00:00,2024145N08130,EWINIAR
1998281N11151,16.2874603271484375,1998-10-13 21:00:00,1998-10-15 06:00:00,1998281N11151,ZEB
1991257N16130,1.9905060529708865,1991-09-15 21:00:00,1991-09-16 03:00:00,1991257N16130,NAT
2022232N18131,8.6932411193847656,2022-08-22 18:00:00,2022-08-23 12:00:00,2022232N18131,MA-ON
1983282N09155,3.9698312282562256,1983-10-13 21:00:00,1983-10-15 06:00:00,1983282N09155,KIM
1980349N10138,9.4556684494018555,1980-12-21 18:00:00,1980-12-24 00:00:00,1980349N10138,ED
2013217N11118,3.9374427795410161,2013-08-05 00:00:00,2013-08-05 00:00:00,2013217N11118,MANGKHUT
1996227N08156,4.2462882995605469,1996-08-19 12:00:00,1996-08-20 00:00:00,1996227N08156,NIKI
2024245N12129,10.3730936050415039,2024-09-01 00:00:00,2024-09-03 00:00:00,2024245N12129,YAGI
1980296N05165,16.2750911712646484,1980-11-04 00:00:00,1980-11-06 00:00:00,1980296N05165,BETTY
1989153N04144,3.9089844226837158,1989-06-05 18:00:00,1989-06-07 03:00:00,1989153N04144,DOT
1983301N11119,3.0556895732879639,1983-10-27 18:00:00,1983-10-27 21:00:00,1983301N11119,UNNAMED
2024313N10169,12.7752103805541992,2024-11-16 03:00:00,2024-11-17 18:00:00,2024313N10169,MAN-YI
2013001N04141,4.0204401016235352,2013-01-02 15:00:00,2013-01-04 00:00:00,2013001N04141,SONAMU
1998259N17118,5.8986268043518066,1998-09-17 00:00:00,1998-09-19 15:00:00,1998259N17118,VICKI
2021132N06132,6.0614461898803711,2021-05-13 12:00:00,2021-05-14 18:00:00,2021132N06132,UNNAMED
2024314N07151,15.6574497222900408,2024-11-13 21:00:00,2024-11-14 18:00:00,2024314N07151,USAGI
1992174N13126,4.0944361686706543,1992-06-21 18:00:00,1992-06-23 18:00:00,1992174N13126,CHUCK
2012296N06135,3.4877345561981201,2012-10-23 21:00:00,2012-10-25 06:00:00,2012296N06135,SON-TINH
1983279N04140,7.0280528068542480,1983-10-10 06:00:00,1983-10-11 09:00:00,1983279N04140,JOE
2018358N07140,7.2309775352478036,2018-12-28 18:00:00,2018-12-29 18:00:00,2018358N07140,UNNAMED
2005311N08140,3.9142830371856689,2005-11-10 00:00:00,2005-11-11 03:00:00,2005311N08140,TEMBIN
2006209N13130,6.1984763145446777,2006-07-30 15:00:00,2006-07-31 21:00:00,2006209N13130,PRAPIROON
1994181N17137,4.0788421630859375,1994-07-01 18:00:00,1994-07-02 06:00:00,1994181N17137,UNNAMED
1995148N07150,4.8208041191101074,1995-06-01 15:00:00,1995-06-03 09:00:00,1995148N07150,DEANNA
2015069N04173,4.4175133705139160,2015-03-20 12:00:00,2015-03-21 12:00:00,2015069N04173,BAVI
2001309N10130,8.2432470321655273,2001-11-06 06:00:00,2001-11-08 21:00:00,2001309N10130,LINGLING
1989279N07151,4.4234280586242676,1989-10-10 06:00:00,1989-10-11 03:00:00,1989279N07151,DAN
1983317N12153,6.9101309776306152,1983-11-26 21:00:00,1983-11-27 00:00:00,1983317N12153,ORCHID
1982077N04161,4.7493791580200195,1982-03-25 03:00:00,1982-03-27 21:00:00,1982077N04161,NELSON
1983167N05145,4.7212653160095215,1983-06-21 09:00:00,1983-06-22 15:00:00,1983167N05145,SARAH
2021148N05142,7.7921204566955566,2021-06-01 06:00:00,2021-06-03 00:00:00,2021148N05142,CHOI-WAN
1995293N05177,10.5443582534790039,1995-11-02 06:00:00,1995-11-03 09:00:00,1995293N05177,ANGELA
1986179N11175,22.9368495941162074,1986-07-08 15:00:00,1986-07-09 18:00:00,1986179N11175,PEGGY
2020285N17120,2.7956039905548096,2020-10-11 00:00:00,2020-10-11 09:00:00,2020285N17120,NANGKA
1981176N08150,7.5229334831237793,1981-06-30 06:00:00,1981-07-01 09:00:00,1981176N08150,KELLY
2009196N14129,7.7477793693542480,2009-07-17 03:00:00,2009-07-17 09:00:00,2009196N14129,MOLAVE
1995262N04161,3.3188862800598145,1995-09-25 03:00:00,1995-09-26 09:00:00,1995262N04161,UNNAMED
1993331N05172,9.6061153411865252,1993-12-04 21:00:00,1993-12-06 09:00:00,1993331N05172,LOLA
2018294N08161,20.8470478057861328,2018-10-29 18:00:00,2018-10-30 12:00:00,2018294N08161,YUTU
2017291N09116,3.7907612323760982,2017-10-19 12:00:00,2017-10-20 00:00:00,2017291N09116,UNNAMED
1993224N07153,6.9730958938598633,1993-08-17 15:00:00,1993-08-18 03:00:00,1993224N07153,TASHA
1996312N14125,9.2102966308593768,1996-11-06 12:00:00,1996-11-13 00:00:00,1996312N14125,ERNIE
2019071N04161,5.0119023323059082,2019-03-18 15:00:00,2019-03-19 12:00:00,2019071N04161,UNNAMED
1996058N06137,5.8208131790161133,1996-02-29 03:00:00,1996-03-02 00:00:00,1996058N06137,UNNAMED
1993298N11154,17.3820648193359375,1993-11-01 03:00:00,1993-11-02 00:00:00,1993298N11154,IRA
1993096N08148,2.7077372074127197,1993-04-13 00:00:00,1993-04-14 12:00:00,1993096N08148,UNNAMED
1983321N11111,9.6237154006958008,1983-11-23 12:00:00,1983-11-25 00:00:00,1983321N11111,PERCY
2023101N14127,5.3313097953796387,2023-04-11 09:00:00,2023-04-13 06:00:00,2023101N14127,UNNAMED
1982190N09148,13.2101392745971680,1982-07-14 09:00:00,1982-07-15 15:00:00,1982190N09148,WINONA
1983239N10183,5.9803152084350586,1983-09-06 06:00:00,1983-09-07 00:00:00,1983239N10183,ELLEN
2022099N11128,4.6622352600097656,2022-04-09 06:00:00,2022-04-12 21:00:00,2022099N11128,MEGI
2017104N11130,5.0371756553649902,2017-04-15 03:00:00,2017-04-16 18:00:00,2017104N11130,UNNAMED
2017236N15129,6.5184388160705566,2017-08-24 21:00:00,2017-08-26 00:00:00,2017236N15129,PAKHAR
1997311N10151,5.9678483009338379,1997-11-15 03:00:00,1997-11-16 18:00:00,1997311N10151,MORT
1991163N11128,7.0229592323303223,1991-06-12 12:00:00,1991-06-16 00:00:00,1991163N11128,YUNYA
1990166N06141,8.1288557052612305,1990-06-21 21:00:00,1990-06-22 12:00:00,1990166N06141,OFELIA
2017253N14130,5.7485504150390625,2017-09-11 06:00:00,2017-09-12 12:00:00,2017253N14130,DOKSURI
2003316N11141,8.5936307907104492,2003-11-13 15:00:00,2003-11-14 18:00:00,2003316N11141,NEPARTAK
2008169N08135,8.1075201034545898,2008-06-20 00:00:00,2008-06-22 15:00:00,2008169N08135,FENGSHEN
1993271N14134,13.0404024124145508,1993-10-03 21:00:00,1993-10-06 06:00:00,1993271N14134,FLO
2019329N09160,9.0626821517944318,2019-12-02 03:00:00,2019-12-03 15:00:00,2019329N09160,KAMMURI
2008238N13130,2.6681194305419922,2008-08-27 06:00:00,2008-08-28 03:00:00,2008238N13130,UNNAMED
2021276N07131,2.7700898647308354,2021-10-03 15:00:00,2021-10-05 00:00:00,2021276N07131,LIONROCK
2006298N12143,10.6145467758178729,2006-10-29 09:00:00,2006-10-30 03:00:00,2006298N12143,CIMARON
1995209N17122,8.2203044891357422,1995-07-27 18:00:00,1995-07-29 06:00:00,1995209N17122,UNNAMED
2008272N08139,3.4171504974365230,2008-09-30 00:00:00,2008-10-01 18:00:00,2008272N08139,HIGOS
2008311N08128,3.2478196620941162,2008-11-05 15:00:00,2008-11-06 21:00:00,2008311N08128,MAYSAK
1995247N05144,4.1792979240417480,1995-09-07 00:00:00,1995-09-08 06:00:00,1995247N05144,UNNAMED
1982248N14133,5.3390903472900391,1982-09-07 12:00:00,1982-09-10 00:00:00,1982248N14133,IRVING
2017284N15134,5.7245707511901855,2017-10-12 15:00:00,2017-10-13 06:00:00,2017284N15134,KHANUN
1996090N04150,8.1933174133300781,1996-04-06 15:00:00,1996-04-11 18:00:00,1996090N04150,ANN
1993261N11131,2.4297034740447998,1993-09-19 21:00:00,1993-09-20 12:00:00,1993261N11131,DOT
1980181N10130,5.0021176338195801,1980-06-29 12:00:00,1980-07-01 09:00:00,1980181N10130,UNNAMED
1994192N05139,3.4295125007629395,1994-07-15 06:00:00,1994-07-15 21:00:00,1994192N05139,WALT
1989026N11127,7.6150512695312500,1989-01-28 06:00:00,1989-01-28 06:00:00,1989026N11127,UNNAMED
2020211N14124,4.5341124534606934,2020-07-29 00:00:00,2020-07-29 18:00:00,2020211N14124,SINLAKU
1996299N11121,4.1450533866882324,1996-10-24 12:00:00,1996-10-25 12:00:00,1996299N11121,UNNAMED
2023349N04141,3.8817849159240718,2023-12-17 21:00:00,2023-12-18 18:00:00,2023349N04141,JELAWAT
2003294N11112,8.5178060531616211,2003-10-23 03:00:00,2003-10-24 00:00:00,2003294N11112,UNNAMED
2017242N19122,2.5209672451019287,2017-08-30 06:00:00,2017-08-31 00:00:00,2017242N19122,MAWAR
2013210N13122,4.3206524848937988,2013-07-28 18:00:00,2013-07-29 21:00:00,2013210N13122,JEBI
2012331N03157,6.4377717971801758,2012-12-03 18:00:00,2012-12-09 06:00:00,2012331N03157,BOPHA
2020234N19123,0.9861968159675598,2020-08-20 18:00:00,2020-08-20 18:00:00,2020234N19123,BAVI
1981256N10150,18.1980915069580078,1981-09-19 15:00:00,1981-09-20 09:00:00,1981256N10150,CLARA
2020312N10131,3.7832107543945312,2020-11-07 06:00:00,2020-11-08 06:00:00,2020312N10131,ETAU
2017312N10134,2.8676977157592773,2017-11-08 15:00:00,2017-11-10 00:00:00,2017312N10134,HAIKUI
2013178N09133,3.2393786907196045,2013-06-28 18:00:00,2013-06-30 03:00:00,2013178N09133,RUMBIA
1980225N11145,3.2875854969024658,1980-08-14 18:00:00,1980-08-16 00:00:00,1980225N11145,UNNAMED
2002222N11131,3.2901971340179443,2002-08-12 21:00:00,2002-08-13 18:00:00,2002222N11131,UNNAMED
1991062N04156,4.2401614189147949,1991-03-12 18:00:00,1991-03-14 09:00:00,1991062N04156,SHARON
1999111N08126,4.5335307121276855,1999-04-21 00:00:00,1999-04-22 15:00:00,1999111N08126,KATE
2020299N11144,6.5419220924377441,2020-10-31 18:00:00,2020-11-01 21:00:00,2020299N11144,GONI
1999253N17124,7.2814507484436035,1999-09-10 12:00:00,1999-09-12 18:00:00,1999253N17124,YORK
1980317N09118,2.0378122329711914,1980-11-12 00:00:00,1980-11-12 03:00:00,1980317N09118,UNNAMED
2008135N12116,8.3614482879638672,2008-05-17 03:00:00,2008-05-18 03:00:00,2008135N12116,HALONG
1990232N13141,2.3756389617919922,1990-08-26 00:00:00,1990-08-26 21:00:00,1990232N13141,BECKY
1988306N15130,9.1516628265380842,1988-11-01 18:00:00,1988-11-03 06:00:00,1988306N15130,UNNAMED
1993317N08149,3.7402610778808594,1993-11-18 09:00:00,1993-11-19 00:00:00,1993317N08149,UNNAMED
1985183N08136,3.3506474494934082,1985-07-04 18:00:00,1985-07-06 03:00:00,1985183N08136,UNNAMED
1996356N08110,2.6432108879089355,1996-12-26 06:00:00,1996-12-26 12:00:00,1996356N08110,GREG
1987320N03171,5.1722102165222168,1987-11-25 06:00:00,1987-11-26 06:00:00,1987320N03171,NINA
2013306N07162,3.3673369884490967,2013-11-07 18:00:00,2013-11-08 15:00:00,2013306N07162,HAIYAN
1986302N05178,3.1285207271575928,1986-11-06 12:00:00,1986-11-08 03:00:00,1986302N05178,HERBERT
2011270N18139,17.8070068359375000,2011-09-30 21:00:00,2011-10-01 15:00:00,2011270N18139,NALGAE
1989272N18120,1.5960490703582764,1989-09-28 18:00:00,1989-09-28 18:00:00,1989272N18120,BRIAN
1995334N09129,6.4298548698425293,1995-12-03 18:00:00,1995-12-05 12:00:00,1995334N09129,UNNAMED
1991317N09141,7.4695010185241699,1991-11-15 15:00:00,1991-11-18 00:00:00,1991317N09141,WILDA
1989010N16212,4.3814821243286133,1989-01-21 06:00:00,1989-01-22 00:00:00,1989010N16212,WINONA
2003226N07156,9.5359363555908203,2003-08-22 09:00:00,2003-08-23 00:00:00,2003226N07156,KROVANH
1982227N09140,7.4566454887390146,1982-08-19 06:00:00,1982-08-26 03:00:00,1982227N09140,FAYE
1980300N08137,3.5113594532012939,1980-10-28 12:00:00,1980-10-29 15:00:00,1980300N08137,CARY
1998327N09126,4.6242489814758301,1998-11-22 12:00:00,1998-11-23 18:00:00,1998327N09126,ELVIS
1984267N18120,0.5598448514938354,1984-09-22 18:00:00,1984-09-22 18:00:00,1984267N18120,LYNN
2014190N08154,6.8186316490173340,2014-07-14 21:00:00,2014-07-16 06:00:00,2014190N08154,RAMMASUN
2003196N05150,20.6371059417724609,2003-07-22 00:00:00,2003-07-22 12:00:00,2003196N05150,IMBUDO
1999342N08116,6.6469368934631348,1999-12-07 12:00:00,1999-12-07 12:00:00,1999342N08116,UNNAMED
2024259N17126,3.6021649837493896,2024-09-16 12:00:00,2024-09-17 06:00:00,2024259N17126,SOULIK
1994088N09148,3.8922073841094966,1994-04-03 12:00:00,1994-04-05 15:00:00,1994088N09148,OWEN
2021046N06142,2.3159763813018799,2021-02-21 15:00:00,2021-02-23 00:00:00,2021046N06142,DUJUAN
2016211N11128,12.3255596160888672,2016-07-30 21:00:00,2016-07-31 15:00:00,2016211N11128,NIDA
2009123N10111,8.9715156555175781,2009-05-07 06:00:00,2009-05-08 00:00:00,2009123N10111,CHAN-HOM
2008262N16142,14.5490131378173828,2008-09-22 03:00:00,2008-09-22 12:00:00,2008262N16142,HAGUPIT
1985240N08148,7.9100608825683603,1985-09-02 09:00:00,1985-09-03 18:00:00,1985240N08148,TESS
1984291N13130,6.4418330192565918,1984-10-19 15:00:00,1984-10-22 06:00:00,1984291N13130,WARREN
1995264N06174,6.7731118202209473,1995-09-29 03:00:00,1995-10-01 03:00:00,1995264N06174,SIBYL
2000299N08139,12.5901536941528320,2000-10-27 06:00:00,2000-10-31 03:00:00,2000299N08139,XANGSANE
2018039N08151,4.6750674247741699,2018-02-12 21:00:00,2018-02-15 21:00:00,2018039N08151,SANBA
2017247N16132,2.5399835109710693,2017-09-05 12:00:00,2017-09-05 18:00:00,2017247N16132,GUCHOL
2017161N13119,4.6026792526245117,2017-06-10 00:00:00,2017-06-10 00:00:00,2017161N13119,MERBOK
2006340N08142,6.6496629714965820,2006-12-09 00:00:00,2006-12-10 18:00:00,2006340N08142,UTOR
1996201N07137,9.4095258712768555,1996-07-24 15:00:00,1996-07-25 15:00:00,1996201N07137,GLORIA
2020288N13124,4.6902732849121094,2020-10-14 06:00:00,2020-10-15 00:00:00,2020288N13124,UNNAMED
2021185N13121,4.2876029014587402,2021-07-03 18:00:00,2021-07-04 03:00:00,2021185N13121,UNNAMED
2020229N18123,3.7195496559143062,2020-08-16 06:00:00,2020-08-17 06:00:00,2020229N18123,HIGOS
2016328N09130,2.9713745117187500,2016-11-24 03:00:00,2016-11-25 21:00:00,2016328N09130,TOKAGE
1982073N07153,5.1466293334960938,1982-03-19 09:00:00,1982-03-21 06:00:00,1982073N07153,MAMIE
1997143N17111,4.5347313880920410,1997-05-25 15:00:00,1997-05-26 18:00:00,1997143N17111,LEVI
1980126N08150,11.9710826873779279,1980-05-13 12:00:00,1980-05-15 21:00:00,1980126N08150,DOM
1993250N17119,3.0461497306823726,1993-09-07 12:00:00,1993-09-08 21:00:00,1993250N17119,ABE
2001181N08141,18.1334114074707031,2001-07-04 03:00:00,2001-07-04 12:00:00,2001181N08141,UTOR
1985281N02144,2.8002581596374512,1985-10-11 06:00:00,1985-10-12 15:00:00,1985281N02144,CECIL
2014260N13135,12.2047843933105469,2014-09-18 21:00:00,2014-09-19 21:00:00,2014260N13135,FUNG-WONG
2003196N11137,5.3162426948547363,2003-07-16 21:00:00,2003-07-18 06:00:00,2003196N11137,KONI
1992198N13135,8.4881658554077148,1992-07-19 18:00:00,1992-07-20 15:00:00,1992198N13135,GARY
1993166N06131,4.2075767517089844,1993-06-18 15:00:00,1993-06-20 06:00:00,1993166N06131,UNNAMED
1996305N11121,2.0780856609344478,1996-10-31 06:00:00,1996-10-31 21:00:00,1996305N11121,UNNAMED
2017202N19124,3.0493676662445068,2017-07-21 15:00:00,2017-07-21 21:00:00,2017202N19124,ROKE
1992259N11159,8.6657466888427734,1992-09-20 15:00:00,1992-09-21 09:00:00,1992259N11159,TED
2020281N14126,5.8179302215576172,2020-10-07 00:00:00,2020-10-08 12:00:00,2020281N14126,LINFA
2000334N08130,5.6402683258056641,2000-11-30 09:00:00,2000-12-01 12:00:00,2000334N08130,RUMBIA
2008012N12123,1.7226114273071289,2008-01-12 06:00:00,2008-01-13 00:00:00,2008012N12123,UNNAMED
1986276N07177,5.8526525497436523,1986-10-11 00:00:00,1986-10-12 12:00:00,1986276N07177,ELLEN
1996250N08148,4.6172275543212891,1996-09-10 00:00:00,1996-09-10 09:00:00,1996250N08148,UNNAMED
2017364N07138,4.0773949623107910,2018-01-01 09:00:00,2018-01-02 18:00:00,2017364N07138,BOLAVEN
1985284N05159,12.8814926147460920,1985-10-17 18:00:00,1985-10-19 03:00:00,1985284N05159,DOT
2009324N06129,2.7835547924041748,2009-11-24 03:00:00,2009-11-25 00:00:00,2009324N06129,UNNAMED
1999096N10136,4.1816587448120117,1999-04-09 03:00:00,1999-04-10 00:00:00,1999096N10136,UNNAMED
1995292N08150,4.3197546005249023,1995-10-23 09:00:00,1995-10-24 06:00:00,1995292N08150,YVETTE
2001170N11138,4.2855472564697266,2001-06-22 03:00:00,2001-06-22 09:00:00,2001170N11138,CHEBI
2013282N14132,10.5437469482421875,2013-10-11 09:00:00,2013-10-12 00:00:00,2013282N14132,NARI
2015226N12151,9.0050649642944336,2015-08-21 00:00:00,2015-08-21 18:00:00,2015226N12151,GONI
2015183N13130,9.2990036010742188,2015-07-04 12:00:00,2015-07-05 18:00:00,2015183N13130,LINFA
2007323N09128,15.8975677490234357,2007-11-18 18:00:00,2007-11-27 21:00:00,2007323N09128,HAGIBIS
2010191N12138,6.6226029396057129,2010-07-13 00:00:00,2010-07-14 03:00:00,2010191N12138,CONSON
1983186N04153,7.3905754089355469,1983-07-13 18:00:00,1983-07-15 12:00:00,1983186N04153,VERA
1999241N12133,4.1600961685180664,1999-09-02 03:00:00,1999-09-02 18:00:00,1999241N12133,WENDY
1993185N09137,7.4264445304870605,1993-07-07 15:00:00,1993-07-09 03:00:00,1993185N09137,LEWIS
2015348N04146,6.2770709991455078,2015-12-18 12:00:00,2015-12-19 12:00:00,2015348N04146,UNNAMED
2009173N10132,5.0704097747802734,2009-06-23 00:00:00,2009-06-24 21:00:00,2009173N10132,NANGKA
2019302N11118,0.7332623004913330,2019-10-28 12:00:00,2019-10-28 15:00:00,2019302N11118,BULBUL:MATMO
2019314N14136,7.6545228958129892,2019-11-18 00:00:00,2019-11-20 18:00:00,2019314N14136,KALMAEGI
2017008N08128,2.8175413608551025,2017-01-07 21:00:00,2017-01-11 03:00:00,2017008N08128,UNNAMED
1993059N05136,6.7969703674316406,1993-03-01 03:00:00,1993-03-02 00:00:00,1993059N05136,UNNAMED
2003357N11142,6.6519112586975098,2003-12-27 06:00:00,2003-12-27 18:00:00,2003357N11142,UNNAMED
2020291N06141,7.7445130348205566,2020-10-20 09:00:00,2020-10-21 00:00:00,2020291N06141,SAUDEL
2016355N07146,7.6305923461914062,2016-12-25 03:00:00,2016-12-26 09:00:00,2016355N07146,NOCK-TEN
1985268N16126,3.2957313060760498,1985-09-25 15:00:00,1985-09-26 09:00:00,1985268N16126,ANDY
1988177N07137,5.8107337951660156,1988-06-27 03:00:00,1988-06-28 03:00:00,1988177N07137,VANESSA
2004327N16125,2.1432452201843266,2004-11-22 03:00:00,2004-11-23 12:00:00,2004327N16125,MERBOK
2020313N08135,9.4723882675170881,2020-11-11 00:00:00,2020-11-12 03:00:00,2020313N08135,VAMCO
2022342N06133,7.3484053611755380,2022-12-09 12:00:00,2022-12-10 06:00:00,2022342N06133,PAKHAR
2013196N14128,5.1096076965332031,2013-07-16 15:00:00,2013-07-17 06:00:00,2013196N14128,CIMARON
2021296N06127,3.0772550106048584,2021-10-22 15:00:00,2021-10-23 21:00:00,2021296N06127,UNNAMED
1990250N13157,15.1990423202514648,1990-09-14 09:00:00,1990-09-14 21:00:00,1990250N13157,ED
1988307N09131,9.1516628265380842,1988-11-02 06:00:00,1988-11-04 18:00:00,1988307N09131,TESS
1980137N04158,5.0849232673645028,1980-05-24 03:00:00,1980-05-26 06:00:00,1980137N04158,FORREST
1984239N08146,7.7057375907897949,1984-09-01 12:00:00,1984-09-03 06:00:00,1984239N08146,IKE
2002214N19120,2.0025768280029297,2002-08-01 18:00:00,2002-08-01 18:00:00,2002214N19120,KAMMURI
2020296N09137,5.2263464927673340,2020-10-25 06:00:00,2020-10-26 03:00:00,2020296N09137,MOLAVE
1992188N07156,6.7295136451721191,1992-07-11 00:00:00,1992-07-11 09:00:00,1992188N07156,ELI
1981178N05160,6.4417872428894043,1981-07-03 06:00:00,1981-07-04 21:00:00,1981178N05160,LYNN
2020160N10133,5.6063709259033203,2020-06-09 12:00:00,2020-06-12 03:00:00,2020160N10133,NURI
2009213N16130,6.0706477165222168,2009-08-01 09:00:00,2009-08-01 21:00:00,2009213N16130,GONI
1990312N12121,3.0687828063964844,1990-11-08 06:00:00,1990-11-08 12:00:00,1990312N12121,NELL
2011167N08129,2.5432682037353516,2011-06-19 09:00:00,2011-06-19 21:00:00,2011167N08129,HAIMA
2024313N15138,11.4292898178100586,2024-11-10 21:00:00,2024-11-11 15:00:00,2024313N15138,TORAJI
2023201N13134,15.1987714767456037,2023-07-25 09:00:00,2023-07-26 12:00:00,2023201N13134,DOKSURI
1995294N05163,4.9048781394958496,1995-10-27 18:00:00,1995-10-29 09:00:00,1995294N05163,ZACK
2021346N05145,4.6540560722351074,2021-12-16 03:00:00,2021-12-17 15:00:00,2021346N05145,RAI
1987219N08134,4.2191576957702637,1987-08-11 18:00:00,1987-08-13 03:00:00,1987219N08134,BETTY
1988295N10138,10.0893325805664062,1988-10-23 21:00:00,1988-10-25 06:00:00,1988295N10138,RUBY
2000196N16122,3.6008572578430176,2000-07-13 18:00:00,2000-07-14 15:00:00,2000196N16122,UNNAMED
1997298N06140,4.2171354293823242,1997-10-29 03:00:00,1997-10-31 09:00:00,1997298N06140,LINDA
1984184N06139,3.7002587318420410,1984-07-05 00:00:00,1984-07-06 12:00:00,1984184N06139,BETTY
2011346N03156,7.9669861793518066,2011-12-16 03:00:00,2011-12-17 21:00:00,2011346N03156,WASHI
2009270N10148,16.3707790374755824,2009-10-02 21:00:00,2009-10-09 09:00:00,2009270N10148,PARMA
1980201N08155,19.2921199798583984,1980-07-24 21:00:00,1980-07-25 15:00:00,1980201N08155,KIM
2017347N11131,10.2545909881591797,2017-12-16 00:00:00,2017-12-18 12:00:00,2017347N11131,KAI-TAK
2004319N10134,10.4976854324340820,2004-11-15 00:00:00,2004-11-20 15:00:00,2004319N10134,MUIFA
2016287N12131,9.0036859512329102,2016-10-14 18:00:00,2016-10-16 03:00:00,2016287N12131,SARIKA
2023234N18128,12.0011892318725586,2023-08-26 00:00:00,2023-08-30 00:00:00,2023234N18128,SAOLA
2009299N12153,7.7833237648010254,2009-10-30 06:00:00,2009-10-31 03:00:00,2009299N12153,MIRINAE
1999230N12129,11.1056385040283203,1999-08-19 18:00:00,1999-08-20 15:00:00,1999230N12129,SAM
2004333N06154,16.5725059509277344,2004-12-02 00:00:00,2004-12-02 21:00:00,2004333N06154,NANMADOL
1986309N07162,3.0899553298950195,1986-11-12 06:00:00,1986-11-13 18:00:00,1986309N07162,IDA
1980076N06148,6.2684559822082520,1980-03-23 09:00:00,1980-03-25 12:00:00,1980076N06148,UNNAMED
2013049N05131,4.7732229232788086,2013-02-18 21:00:00,2013-02-20 21:00:00,2013049N05131,SHANSHAN
2020129N07134,7.1352295875549316,2020-05-14 00:00:00,2020-05-16 12:00:00,2020129N07134,VONGFONG
2002008N07141,6.5033736228942871,2002-01-12 15:00:00,2002-01-14 00:00:00,2002008N07141,TAPAH
1990171N11148,13.0084180831909180,1990-06-26 21:00:00,1990-06-27 12:00:00,1990171N11148,PERCY
2003302N11133,9.2484865188598633,2003-10-31 18:00:00,2003-11-02 00:00:00,2003302N11133,MELOR
1996246N08148,7.5523118972778320,1996-09-07 15:00:00,1996-09-07 21:00:00,1996246N08148,SALLY
2023194N16123,6.7110962867736816,2023-07-13 06:00:00,2023-07-14 06:00:00,2023194N16123,TALIM
2000193N10131,3.1198928356170654,2000-07-13 15:00:00,2000-07-14 00:00:00,2000193N10131,UNNAMED
1999310N09138,5.4766254425048828,1999-11-07 21:00:00,1999-11-10 06:00:00,1999310N09138,FRANKIE
2014080N08128,4.9006972312927246,2014-03-21 15:00:00,2014-03-24 06:00:00,2014080N08128,UNNAMED
1995276N13124,5.2489337921142578,1995-10-03 06:00:00,1995-10-04 06:00:00,1995276N13124,UNNAMED
1995225N12124,4.6868052482604972,1995-08-13 06:00:00,1995-08-14 15:00:00,1995225N12124,IRVING
1982339N07139,7.9583282470703116,1982-12-07 21:00:00,1982-12-10 18:00:00,1982339N07139,ROGER
1996137N13111,1.3764060735702517,1996-05-22 12:00:00,1996-05-22 15:00:00,1996137N13111,CAM
2015273N12130,10.0012388229370117,2015-10-01 00:00:00,2015-10-02 06:00:00,2015273N12130,MUJIGAE
2005257N15120,3.7593979835510254,2005-09-14 06:00:00,2005-09-14 06:00:00,2005257N15120,VICENTE
1988290N08145,8.7626180648803711,1988-10-20 12:00:00,1988-10-20 21:00:00,1988290N08145,PAT
1981355N07149,3.1292350292205811,1981-12-25 06:00:00,1981-12-26 12:00:00,1981355N07149,LEE
1986094N06138,2.4518711566925049,1986-04-06 00:00:00,1986-04-06 18:00:00,1986094N06138,UNNAMED
1982283N17148,13.1127414703369141,1982-10-14 09:00:00,1982-10-15 00:00:00,1982283N17148,NANCY
2013305N07141,2.6701314449310303,2013-11-03 21:00:00,2013-11-05 03:00:00,2013305N07141,UNNAMED
1987219N08155,10.4346714019775408,1987-08-17 09:00:00,1987-08-18 15:00:00,1987219N08155,CARY
2005350N08127,7.8681182861328125,2005-12-15 12:00:00,2005-12-17 12:00:00,2005350N08127,UNNAMED
1989286N14137,23.9509162902832031,1989-10-19 00:00:00,1989-10-19 15:00:00,1989286N14137,ELSIE
1987288N13168,16.8163318634033203,1987-10-23 09:00:00,1987-10-24 03:00:00,1987288N13168,LYNN
2018202N18116,2.5107431411743164,2018-07-21 06:00:00,2018-07-21 18:00:00,2018202N18116,UNNAMED
1980197N15133,5.4017624855041504,1980-07-15 21:00:00,1980-07-16 18:00:00,1980197N15133,UNNAMED
1984180N16130,3.1403052806854248,1984-07-02 06:00:00,1984-07-02 12:00:00,1984180N16130,ALEX
1990140N09122,6.8919839859008789,1990-05-19 18:00:00,1990-05-22 00:00:00,1990140N09122,UNNAMED
2012201N15129,3.5399925708770752,2012-07-20 09:00:00,2012-07-20 21:00:00,2012201N15129,VICENTE
2001047N09134,4.1894850730895996,2001-02-17 18:00:00,2001-02-22 00:00:00,2001047N09134,UNNAMED
2015085N06162,9.9017763137817383,2015-04-04 21:00:00,2015-04-05 09:00:00,2015085N06162,MAYSAK
1991301N08173,11.6579656600952148,1991-11-12 15:00:00,1991-11-14 03:00:00,1991301N08173,SETH
2015344N07145,8.2908926010131836,2015-12-13 21:00:00,2015-12-17 00:00:00,2015344N07145,MELOR
2019242N18126,2.6340115070343018,2019-08-31 00:00:00,2019-08-31 12:00:00,2019242N18126,KAJIKI
1989199N05139,3.1789746284484863,1989-07-19 21:00:00,1989-07-20 15:00:00,1989199N05139,IRVING
2007324N10140,15.8975677490234357,2007-11-25 12:00:00,2007-11-27 00:00:00,2007324N10140,MITAG
2009121N13124,5.4178771972656250,2009-04-30 18:00:00,2009-05-03 06:00:00,2009121N13124,KUJIRA
1998351N11125,4.0089831352233887,1998-12-17 00:00:00,1998-12-19 00:00:00,1998351N11125,UNNAMED
1997283N07177,16.5015335083007812,1997-10-19 06:00:00,1997-10-20 21:00:00,1997283N07177,IVAN
1991244N19126,2.7980930805206299,1991-09-01 12:00:00,1991-09-02 18:00:00,1991244N19126,JOEL
1981311N08119,4.8279547691345215,1981-11-07 03:00:00,1981-11-07 15:00:00,1981311N08119,UNNAMED
1983188N06136,4.2734637260437012,1983-07-09 15:00:00,1983-07-10 15:00:00,1983188N06136,TIP
1995236N10134,5.0203132629394531,1995-08-30 00:00:00,1995-08-30 00:00:00,1995236N10134,KENT
2016279N19130,2.5305542945861816,2016-10-05 18:00:00,2016-10-05 21:00:00,2016279N19130,AERE
2012046N08130,2.6604726314544682,2012-02-15 09:00:00,2012-02-17 00:00:00,2012046N08130,UNNAMED
1994134N05161,4.3188281059265137,1994-05-24 03:00:00,1994-05-25 03:00:00,1994134N05161,UNNAMED
1984299N18127,3.8688704967498775,1984-10-26 00:00:00,1984-10-26 03:00:00,1984299N18127,UNNAMED
1990319N07197,6.4419226646423340,1990-12-04 06:00:00,1990-12-05 00:00:00,1990319N07197,OWEN
1998217N10130,4.6341915130615234,1998-08-07 18:00:00,1998-08-08 12:00:00,1998217N10130,PENNY
2019195N13136,6.5957093238830566,2019-07-16 15:00:00,2019-07-16 21:00:00,2019195N13136,DANAS
2024293N13141,10.9519186019897461,2024-10-23 09:00:00,2024-10-24 21:00:00,2024293N13141,TRAMI
1992194N07140,2.5788431167602539,1992-07-15 00:00:00,1992-07-15 12:00:00,1992194N07140,FAYE
2021248N11131,3.7383296489715576,2021-09-06 06:00:00,2021-09-08 18:00:00,2021248N11131,CONSON
2009268N14128,9.0642194747924805,2009-09-26 00:00:00,2009-09-26 12:00:00,2009268N14128,KETSANA
1996328N08151,6.4698700904846191,1996-12-01 00:00:00,1996-12-02 00:00:00,1996328N08151,UNNAMED
2013220N12137,12.6427278518676758,2013-08-11 15:00:00,2013-08-12 03:00:00,2013220N12137,UTOR
1987311N10148,5.6240463256835938,1987-11-14 00:00:00,1987-11-15 21:00:00,1987311N10148,MAURY
2001323N05107,9.5914936065673828,2001-11-22 18:00:00,2001-11-23 06:00:00,2001323N05107,UNNAMED
1990283N15129,5.3938946723937988,1990-10-10 09:00:00,1990-10-11 06:00:00,1990283N15129,JEANA
2004158N07142,4.3491597175598145,2004-06-08 15:00:00,2004-06-10 09:00:00,2004158N07142,CHANTHU
2017232N19130,2.9766926765441895,2017-08-21 15:00:00,2017-08-21 18:00:00,2017232N19130,HATO
2020195N17125,4.9320454597473145,2020-07-13 06:00:00,2020-07-13 21:00:00,2020195N17125,UNNAMED
2011266N13139,17.1721000671386719,2011-09-26 18:00:00,2011-09-27 12:00:00,2011266N13139,NESAT
2009164N10131,3.2030014991760254,2009-06-14 18:00:00,2009-06-16 09:00:00,2009164N10131,LINFA
1996282N11162,7.5035119056701660,1996-10-17 06:00:00,1996-10-18 15:00:00,1996282N11162,ABEL:BETH
2000305N06136,7.3195953369140625,2000-11-01 18:00:00,2000-11-03 09:00:00,2000305N06136,BEBINCA
2022292N21132,1.8283576965332031,2022-10-21 12:00:00,2022-10-21 15:00:00,2022292N21132,UNNAMED
2018195N19138,3.3861777782440186,2018-07-16 09:00:00,2018-07-16 18:00:00,2018195N19138,SON-TINH
1988263N15126,4.9235415458679199,1988-09-19 09:00:00,1988-09-20 06:00:00,1988263N15126,KIT
2004174N14146,9.9291620254516602,2004-06-29 12:00:00,2004-06-30 15:00:00,2004174N14146,MINDULLE
1991111N04145,3.0296390056610107,1991-04-24 03:00:00,1991-04-25 21:00:00,1991111N04145,VANESSA
1991304N08140,6.6497673988342285,1991-11-04 12:00:00,1991-11-06 09:00:00,1991304N08140,THELMA
1995244N08139,2.9905762672424316,1995-09-03 18:00:00,1995-09-04 09:00:00,1995244N08139,NINA
2020258N11127,3.8686375617980961,2020-09-14 06:00:00,2020-09-15 12:00:00,2020258N11127,NOUL
2012317N07118,2.2041802406311035,2012-11-12 06:00:00,2012-11-12 12:00:00,2012317N07118,UNNAMED
1998342N06141,7.7378745079040527,1998-12-10 09:00:00,1998-12-11 12:00:00,1998342N06141,FAITH
2014029N10143,2.6044373512268062,2014-01-31 09:00:00,2014-02-01 09:00:00,2014029N10143,KAJIKI
2000248N18126,4.7608523368835449,2000-09-10 15:00:00,2000-09-11 18:00:00,2000248N18126,BOPHA
1986316N06146,4.3177108764648438,1986-11-19 15:00:00,1986-11-19 21:00:00,1986316N06146,JOE
2017321N07124,6.0449962615966797,2017-11-16 12:00:00,2017-11-17 09:00:00,2017321N07124,KIROGI
1982325N08176,5.9416036605834961,1982-12-07 00:00:00,1982-12-08 09:00:00,1982325N08176,PAMELA
1995215N12145,7.6592264175415039,1995-08-09 03:00:00,1995-08-09 15:00:00,1995215N12145,HELEN
2020353N06129,4.8921937942504883,2020-12-17 21:00:00,2020-12-19 15:00:00,2020353N06129,KROVANH
2002252N20121,2.1779966354370117,2002-09-08 18:00:00,2002-09-08 21:00:00,2002252N20121,HAGUPIT
1982246N16119,2.6787486076354980,1982-09-03 00:00:00,1982-09-03 15:00:00,1982246N16119,HOPE
1994250N14133,7.0781936645507804,1994-09-10 00:00:00,1994-09-10 15:00:00,1994250N14133,LUKE
1992314N08141,6.6179094314575195,1992-11-10 15:00:00,1992-11-12 03:00:00,1992314N08141,FORREST
1994197N14115,3.2588582038879395,1994-07-18 09:00:00,1994-07-19 15:00:00,1994197N14115,YUNYA
2019236N08143,4.9577832221984863,2019-08-27 12:00:00,2019-08-27 21:00:00,2019236N08143,PODUL
1996303N07155,7.1314864158630371,1996-11-05 15:00:00,1996-11-08 00:00:00,1996303N07155,ERNIE
1993253N06150,5.9069418907165527,1993-09-15 09:00:00,1993-09-16 00:00:00,1993253N06150,BECKY
1990272N11121,2.2069182395935059,1990-09-29 06:00:00,1990-09-30 03:00:00,1990272N11121,IRA
2001204N19127,2.5325272083282471,2001-07-23 09:00:00,2001-07-23 12:00:00,2001204N19127,YUTU
2005222N14131,7.6971139907836914,2005-08-11 15:00:00,2005-08-12 03:00:00,2005222N14131,SANVU
2017354N08134,5.5365681648254395,2017-12-21 15:00:00,2017-12-23 15:00:00,2017354N08134,TEMBIN
2008320N08122,4.1766819953918457,2008-11-14 18:00:00,2008-11-15 18:00:00,2008320N08122,NOUL
2017304N11127,6.0986175537109375,2017-10-31 03:00:00,2017-11-01 12:00:00,2017304N11127,DAMREY
1991289N06156,26.9022808074951172,1991-10-27 03:00:00,1991-10-29 00:00:00,1991289N06156,RUTH
1989134N07138,8.4553375244140625,1989-05-16 12:00:00,1989-05-18 03:00:00,1989134N07138,BRENDA
1989271N12142,7.0522990226745605,1989-10-05 12:00:00,1989-10-06 09:00:00,1989271N12142,ANGELA
1988356N05142,10.8345689773559553,1988-12-23 18:00:00,1988-12-27 12:00:00,1988356N05142,VAL
1999275N16135,15.1041793823242188,1999-10-04 21:00:00,1999-10-05 18:00:00,1999275N16135,DAN
1993231N09134,4.7765140533447266,1993-08-21 15:00:00,1993-08-23 12:00:00,1993231N09134,WINONA
2005262N13127,7.0371146202087402,2005-09-19 18:00:00,2005-09-22 00:00:00,2005262N13127,DAMREY
1987343N05154,6.6091141700744629,1987-12-15 18:00:00,1987-12-18 03:00:00,1987343N05154,PHYLLIS
2024308N08140,11.3770589828491193,2024-11-07 00:00:00,2024-11-07 21:00:00,2024308N08140,YINXING
2000138N16119,3.1307663917541504,2000-05-17 06:00:00,2000-05-18 09:00:00,2000138N16119,LONGWANG
1985162N05154,13.2847461700439435,1985-06-21 18:00:00,1985-06-22 06:00:00,1985162N05154,HAL
2009254N14130,5.3242430686950684,2009-09-12 15:00:00,2009-09-13 00:00:00,2009254N14130,KOPPU
2015122N07144,17.6285839080810547,2015-05-10 00:00:00,2015-05-10 21:00:00,2015122N07144,NOUL
1988150N19119,2.3520219326019287,1988-05-29 03:00:00,1988-05-29 09:00:00,1988150N19119,SUSAN
2007306N18133,7.0223832130432129,2007-11-04 09:00:00,2007-11-05 03:00:00,2007306N18133,PEIPAH
1993336N05164,6.0582380294799805,1993-12-09 15:00:00,1993-12-11 15:00:00,1993336N05164,MANNY
1984302N00149,3.0665905475616455,1984-11-04 15:00:00,1984-11-05 18:00:00,1984302N00149,AGNES
1987325N13126,1.9398258924484253,1987-11-20 21:00:00,1987-11-22 03:00:00,1987325N13126,OGDEN
1985294N10122,7.0420298576354972,1985-10-21 00:00:00,1985-10-27 15:00:00,1985294N10122,FAYE
2008217N19120,1.6813663244247437,2008-08-03 12:00:00,2008-08-03 15:00:00,2008217N19120,KAMMURI
2008229N13147,10.5019845962524396,2008-08-19 18:00:00,2008-08-20 12:00:00,2008229N13147,NURI
1994169N06152,3.1362168788909912,1994-06-22 09:00:00,1994-06-23 06:00:00,1994169N06152,SHARON
2018311N07179,2.4537045955657959,2018-11-20 12:00:00,2018-11-21 21:00:00,2018311N07179,USAGI
2015285N14151,15.0016422271728516,2015-10-17 12:00:00,2015-10-21 06:00:00,2015285N14151,KOPPU
1990129N05138,6.0555291175842285,1990-05-13 03:00:00,1990-05-15 06:00:00,1990129N05138,MARIAN
2006128N09138,5.9927735328674316,2006-05-11 09:00:00,2006-05-13 09:00:00,2006128N09138,CHANCHU
1988308N09140,7.4880499839782724,1988-11-06 21:00:00,1988-11-08 00:00:00,1988308N09140,SKIP
1993279N12114,5.6882843971252441,1993-10-07 06:00:00,1993-10-11 15:00:00,1993279N12114,UNNAMED
2013316N06130,3.7549216747283936,2013-11-11 21:00:00,2013-11-13 06:00:00,2013316N06130,PODUL
1991187N06139,6.3489146232604972,1991-07-08 21:00:00,1991-07-10 12:00:00,1991187N06139,ZEKE
2011126N11129,9.5020742416381836,2011-05-07 06:00:00,2011-05-09 21:00:00,2011126N11129,AERE
1995206N15133,4.9308915138244629,1995-07-27 03:00:00,1995-07-28 06:00:00,1995206N15133,GARY
2014254N10142,14.4507093429565447,2014-09-14 06:00:00,2014-09-14 18:00:00,2014254N10142,KALMAEGI
2003158N08156,8.3550615310668945,2003-06-14 15:00:00,2003-06-16 15:00:00,2003158N08156,SOUDELOR
1986343N05176,6.6475510597229004,1986-12-21 06:00:00,1986-12-23 00:00:00,1986343N05176,MARGE
2019004N03175,7.2557625770568848,2019-01-20 03:00:00,2019-01-22 12:00:00,2019004N03175,UNNAMED
1991220N10133,2.9665591716766357,1991-08-11 15:00:00,1991-08-13 06:00:00,1991220N10133,FRED
2016288N06146,30.3026523590087891,2016-10-19 12:00:00,2016-10-20 00:00:00,2016288N06146,HAIMA
1986228N19120,7.0955171585083008,1986-08-28 09:00:00,1986-09-03 03:00:00,1986228N19120,WAYNE
2021280N14137,12.5085859298706037,2021-10-11 06:00:00,2021-10-11 21:00:00,2021280N14137,KOMPASU
2002199N08130,3.8169353008270264,2002-07-18 12:00:00,2002-07-22 06:00:00,2002199N08130,UNNAMED
1994001N05156,3.4770219326019287,1994-01-05 06:00:00,1994-01-06 12:00:00,1994001N05156,UNNAMED
2006174N08135,5.8793578147888184,2006-06-24 09:00:00,2006-06-26 00:00:00,2006174N08135,JELAWAT
2000332N08133,5.6402683258056641,2000-11-29 15:00:00,2000-12-02 15:00:00,2000332N08133,RUMBIA
1983220N16111,2.9426457881927486,1983-08-13 18:00:00,1983-08-14 03:00:00,1983220N16111,CARMEN
2006349N08157,7.0947184562683105,2006-12-19 18:00:00,2006-12-20 06:00:00,2006349N08157,TRAMI
1997210N15120,1.7322467565536499,1997-07-28 12:00:00,1997-07-28 18:00:00,1997210N15120,VICTOR
2004074N03143,5.8724908828735352,2004-03-19 21:00:00,2004-03-20 21:00:00,2004074N03143,UNNAMED
1987245N17120,3.4603619575500488,1987-09-02 06:00:00,1987-09-02 06:00:00,1987245N17120,UNNAMED
2012177N11135,4.5690045356750488,2012-06-28 06:00:00,2012-06-28 12:00:00,2012177N11135,DOKSURI
1990163N08133,5.4487271308898926,1990-06-14 00:00:00,1990-06-15 00:00:00,1990163N08133,NATHAN
2022264N17132,6.8212542533874512,2022-09-25 00:00:00,2022-09-25 21:00:00,2022264N17132,NORU
2014334N02156,8.4259433746337891,2014-12-06 09:00:00,2014-12-09 06:00:00,2014334N02156,HAGUPIT
2007265N20122,2.5789783000946045,2007-09-21 12:00:00,2007-09-21 21:00:00,2007265N20122,FRANCISCO
1986275N10134,5.6330118179321289,1986-10-03 09:00:00,1986-10-07 03:00:00,1986275N10134,DOM
1980197N07154,18.4964656829833984,1980-07-20 15:00:00,1980-07-21 03:00:00,1980197N07154,JOE
2003144N16119,4.4776029586791992,2003-05-24 09:00:00,2003-05-27 21:00:00,2003144N16119,LINFA
1995277N07141,2.5001711845397949,1995-10-06 21:00:00,1995-10-08 12:00:00,1995277N07141,TED
1994232N10144,3.0182929039001465,1994-08-24 09:00:00,1994-08-25 03:00:00,1994232N10144,HARRY
2022299N11134,7.2261424064636222,2022-10-28 09:00:00,2022-10-29 21:00:00,2022299N11134,NALGAE
2012225N16133,8.5204591751098633,2012-08-14 15:00:00,2012-08-15 09:00:00,2012225N16133,KAI-TAK
1995252N08142,4.4603157043457031,1995-09-11 15:00:00,1995-09-14 00:00:00,1995252N08142,POLLY
2006268N12129,4.6936330795288086,2006-09-26 15:00:00,2006-09-28 12:00:00,2006268N12129,XANGSANE
2014362N07130,6.6435885429382324,2014-12-28 12:00:00,2014-12-30 21:00:00,2014362N07130,JANGMI
1994287N14156,7.6458964347839364,1994-10-20 15:00:00,1994-10-21 15:00:00,1994287N14156,TERESA
2007272N17125,5.7342314720153809,2007-09-29 00:00:00,2007-09-29 12:00:00,2007272N17125,LEKIMA
2002078N04138,5.8965678215026855,2002-03-21 03:00:00,2002-03-23 03:00:00,2002078N04138,UNNAMED
2001228N15118,3.4369366168975830,2001-08-16 06:00:00,2001-08-16 09:00:00,2001228N15118,UNNAMED
2001264N21126,3.9552464485168457,2001-09-23 03:00:00,2001-09-24 21:00:00,2001264N21126,LEKIMA
2009189N17129,3.3547551631927486,2009-07-09 15:00:00,2009-07-10 06:00:00,2009189N17129,SOUDELOR
2001338N10130,4.2109436988830566,2001-12-04 18:00:00,2001-12-06 21:00:00,2001338N10130,KAJIKI
1989314N10152,6.9264006614685059,1989-11-21 06:00:00,1989-11-22 18:00:00,1989314N10152,HUNT
1990310N07152,7.0213122367858887,1990-11-12 12:00:00,1990-11-13 18:00:00,1990310N07152,MIKE
1994189N16117,9.5303316116333008,1994-07-10 12:00:00,1994-07-10 21:00:00,1994189N16117,VANESSA
1990202N13130,2.5871331691741943,1990-07-27 00:00:00,1990-07-27 09:00:00,1990202N13130,TASHA
1989190N20160,17.2347526550292969,1989-07-15 15:00:00,1989-07-16 06:00:00,1989190N20160,GORDON
2000185N15117,3.5442230701446533,2000-07-03 12:00:00,2000-07-05 18:00:00,2000185N15117,KAI-TAK
2011282N08136,2.2360601425170894,2011-10-11 09:00:00,2011-10-13 00:00:00,2011282N08136,BANYAN
2010285N13145,24.3427886962890625,2010-10-18 00:00:00,2010-10-19 00:00:00,2010285N13145,MEGI
1991196N06153,12.4108686447143555,1991-07-22 00:00:00,1991-07-22 15:00:00,1991196N06153,BRENDAN
1993164N04160,22.6121158599853516,1993-06-25 15:00:00,1993-06-26 06:00:00,1993164N04160,KORYN
1984238N18137,7.5561547279357901,1984-08-28 15:00:00,1984-08-29 06:00:00,1984238N18137,JUNE
1984313N14154,9.2115545272827148,1984-11-17 03:00:00,1984-11-23 06:00:00,1984313N14154,BILL
1989187N15132,4.6892242431640625,1989-07-08 09:00:00,1989-07-08 21:00:00,1989187N15132,FAYE
2019354N05151,2.2992444038391113,2019-12-24 06:00:00,2019-12-25 18:00:00,2019354N05151,PHANFONE
1993353N05159,6.2439827919006348,1993-12-26 00:00:00,1993-12-27 18:00:00,1993353N05159,NELL
2022301N07140,2.2107264995574951,2022-11-02 12:00:00,2022-11-03 00:00:00,2022301N07140,BANYAN
2014329N08131,3.2704811096191406,2014-11-26 06:00:00,2014-11-27 21:00:00,2014329N08131,SINLAKU
1993193N08144,2.6201927661895752,1993-07-16 15:00:00,1993-07-17 00:00:00,1993193N08144,MARIAN
1984220N03145,1.5124285221099854,1984-08-13 12:00:00,1984-08-13 12:00:00,1984220N03145,UNNAMED
1981343N05150,2.9146296977996826,1981-12-21 21:00:00,1981-12-22 18:00:00,1981343N05150,KIT
2006311N16143,6.9146537780761719,2006-11-10 18:00:00,2006-11-11 15:00:00,2006311N16143,CHEBI
1996283N12133,3.7143902778625488,1996-10-11 15:00:00,1996-10-12 09:00:00,1996283N12133,BETH
1994345N06165,7.5502738952636719,1994-12-21 00:00:00,1994-12-22 21:00:00,1994345N06165,AXEL
2004134N07132,6.5068240165710449,2004-05-16 06:00:00,2004-05-17 09:00:00,2004134N07132,NIDA
2015203N16126,6.6436409950256348,2015-07-22 21:00:00,2015-07-23 15:00:00,2015203N16126,UNNAMED
2013301N13142,21.7947635650634766,2013-10-31 06:00:00,2013-10-31 21:00:00,2013301N13142,KROSA
2015012N09146,9.7934942245483416,2015-01-17 03:00:00,2015-01-19 12:00:00,2015012N09146,MEKKHALA
2012359N08134,3.6393611431121826,2012-12-25 09:00:00,2012-12-26 21:00:00,2012359N08134,WUKONG
2018250N12170,26.6340942382812464,2018-09-14 15:00:00,2018-09-15 06:00:00,2018250N12170,MANGKHUT
1999288N12129,3.0080504417419434,1999-10-15 12:00:00,1999-10-17 06:00:00,1999288N12129,EVE
2009251N16118,1.6565750837326050,2009-09-08 18:00:00,2009-09-08 21:00:00,2009251N16118,MUJIGAE
1983287N09164,2.2841451168060303,1983-10-20 15:00:00,1983-10-21 09:00:00,1983287N09164,LEX
1980171N06142,7.1382479667663574,1980-06-22 21:00:00,1980-06-24 06:00:00,1980171N06142,HERBERT
1981317N14153,6.6658096313476562,1981-11-19 06:00:00,1981-11-20 09:00:00,1981317N14153,HAZEN
2022285N17140,6.2546854019165039,2022-10-15 15:00:00,2022-10-16 03:00:00,2022285N17140,NESAT
1986353N03178,2.6204793453216553,1986-12-31 06:00:00,1987-01-01 06:00:00,1986353N03178,NORRIS
1992289N08135,11.6661510467529279,1992-10-25 12:00:00,1992-10-26 06:00:00,1992289N08135,COLLEEN
2021248N12141,4.4957747459411621,2021-09-10 09:00:00,2021-09-11 00:00:00,2021248N12141,CHANTHU
1985267N08133,3.2957313060760498,1985-09-26 00:00:00,1985-09-26 03:00:00,1985267N08133,ANDY
2011233N12129,13.7986679077148438,2011-08-26 12:00:00,2011-08-27 21:00:00,2011233N12129,NANMADOL
2005071N06152,3.5910427570343018,2005-03-16 15:00:00,2005-03-17 15:00:00,2005071N06152,ROKE
2006329N06150,8.4185256958007812,2006-11-29 18:00:00,2006-12-01 06:00:00,2006329N06150,DURIAN
1981319N07163,12.1740369796752912,1981-11-23 15:00:00,1981-11-24 18:00:00,1981319N07163,IRMA
1981283N07132,4.0204520225524902,1981-10-11 12:00:00,1981-10-12 21:00:00,1981283N07132,FABIAN
2011205N12130,5.6745142936706543,2011-07-25 15:00:00,2011-07-27 12:00:00,2011205N12130,NOCK-TEN
1988193N09149,12.4860181808471680,1988-07-17 18:00:00,1988-07-18 06:00:00,1988193N09149,WARREN
1993105N06165,6.8045420646667480,1993-04-27 18:00:00,1993-04-28 18:00:00,1993105N06165,UNNAMED
2005316N05134,12.4670934677124023,2005-11-19 18:00:00,2005-11-20 18:00:00,2005316N05134,BOLAVEN
2001125N05129,7.0261154174804688,2001-05-05 18:00:00,2001-05-12 15:00:00,2001125N05129,CIMARON
2008104N08128,5.1431035995483398,2008-04-13 03:00:00,2008-04-14 21:00:00,2008104N08128,NEOGURI
2010198N15123,3.6552104949951167,2010-07-17 09:00:00,2010-07-18 18:00:00,2010198N15123,CHANTHU
1986287N09141,5.0713591575622559,1986-10-18 12:00:00,1986-10-19 18:00:00,1986287N09141,GEORGIA
1988271N16125,3.3646461963653564,1988-09-27 06:00:00,1988-09-27 21:00:00,1988271N16125,UNNAMED
2000141N18116,1.1994955539703367,2000-05-21 12:00:00,2000-05-21 12:00:00,2000141N18116,UNNAMED
1983276N06130,1.6570198535919187,1983-10-04 00:00:00,1983-10-05 21:00:00,1983276N06130,HERBERT
1988005N03174,5.9325132369995117,1988-01-15 18:00:00,1988-01-17 00:00:00,1988005N03174,ROY
