tc_sid,max_wind_speed,start_time,end_time,SID,Name
1998285N12149,14.8942308425903320,1998-10-20 21:00:00,1998-10-23 12:00:00,1998285N12149,BABS
2011159N13122,7.5365762710571298,2011-06-08 00:00:00,2011-06-09 06:00:00,2011159N13122,SARIKA
1993322N09137,6.3921732902526855,1993-11-19 21:00:00,1993-11-21 15:00:00,1993322N09137,KYLE
2024145N08130,6.3861250877380371,2024-05-24 09:00:00,2024-05-27 03:00:00,2024145N08130,EWINIAR
1998281N11151,6.7096314430236816,1998-10-13 21:00:00,1998-10-15 06:00:00,1998281N11151,ZEB
1991257N16130,4.4620804786682129,1991-09-15 21:00:00,1991-09-16 03:00:00,1991257N16130,NAT
2022232N18131,5.2092342376708984,2022-08-22 18:00:00,2022-08-23 12:00:00,2022232N18131,MA-ON
1983282N09155,3.4572026729583740,1983-10-13 21:00:00,1983-10-15 06:00:00,1983282N09155,KIM
1980349N10138,6.3804445266723633,1980-12-21 18:00:00,1980-12-24 00:00:00,1980349N10138,ED
2013217N11118,2.4474277496337891,2013-08-05 00:00:00,2013-08-05 00:00:00,2013217N11118,MANGKHUT
1996227N08156,3.5855545997619629,1996-08-19 12:00:00,1996-08-20 00:00:00,1996227N08156,NIKI
2024245N12129,7.7281656265258780,2024-09-01 00:00:00,2024-09-03 00:00:00,2024245N12129,YAGI
1980296N05165,11.0072317123413086,1980-11-04 00:00:00,1980-11-06 00:00:00,1980296N05165,BETTY
1989153N04144,8.1419477462768555,1989-06-05 18:00:00,1989-06-07 03:00:00,1989153N04144,DOT
1983301N11119,1.8341829776763916,1983-10-27 18:00:00,1983-10-27 21:00:00,1983301N11119,UNNAMED
2024313N10169,9.3242645263671893,2024-11-16 03:00:00,2024-11-17 18:00:00,2024313N10169,MAN-YI
2013001N04141,6.6617650985717773,2013-01-02 15:00:00,2013-01-04 00:00:00,2013001N04141,SONAMU
1998259N17118,6.0561709403991699,1998-09-17 00:00:00,1998-09-19 15:00:00,1998259N17118,VICKI
2021132N06132,3.2572684288024902,2021-05-13 12:00:00,2021-05-14 18:00:00,2021132N06132,UNNAMED
2024314N07151,3.3573784828186035,2024-11-13 21:00:00,2024-11-14 18:00:00,2024314N07151,USAGI
1992174N13126,3.7158994674682617,1992-06-21 18:00:00,1992-06-23 18:00:00,1992174N13126,CHUCK
2012296N06135,6.9722776412963867,2012-10-23 21:00:00,2012-10-25 06:00:00,2012296N06135,SON-TINH
1983279N04140,7.0273461341857910,1983-10-10 06:00:00,1983-10-11 09:00:00,1983279N04140,JOE
2018358N07140,9.6142683029174805,2018-12-28 18:00:00,2018-12-29 18:00:00,2018358N07140,UNNAMED
2005311N08140,4.4455871582031250,2005-11-10 00:00:00,2005-11-11 03:00:00,2005311N08140,TEMBIN
2006209N13130,4.7887296676635742,2006-07-30 15:00:00,2006-07-31 21:00:00,2006209N13130,PRAPIROON
1994181N17137,3.9306776523590088,1994-07-01 18:00:00,1994-07-02 06:00:00,1994181N17137,UNNAMED
1995148N07150,6.8645086288452148,1995-06-01 15:00:00,1995-06-03 09:00:00,1995148N07150,DEANNA
2015069N04173,4.4825344085693359,2015-03-20 12:00:00,2015-03-21 12:00:00,2015069N04173,BAVI
2001309N10130,8.5818338394165039,2001-11-06 06:00:00,2001-11-08 21:00:00,2001309N10130,LINGLING
1989279N07151,16.0482234954833984,1989-10-10 06:00:00,1989-10-11 03:00:00,1989279N07151,DAN
1983317N12153,7.7619595527648926,1983-11-26 21:00:00,1983-11-27 00:00:00,1983317N12153,ORCHID
1982077N04161,6.6706738471984863,1982-03-25 03:00:00,1982-03-27 21:00:00,1982077N04161,NELSON
1983167N05145,4.4495410919189453,1983-06-21 09:00:00,1983-06-22 15:00:00,1983167N05145,SARAH
2021148N05142,7.9335021972656259,2021-06-01 06:00:00,2021-06-03 00:00:00,2021148N05142,CHOI-WAN
1995293N05177,16.1561527252197266,1995-11-02 06:00:00,1995-11-03 09:00:00,1995293N05177,ANGELA
1986179N11175,7.3601999282836914,1986-07-08 15:00:00,1986-07-09 18:00:00,1986179N11175,PEGGY
2020285N17120,2.4781289100646973,2020-10-11 00:00:00,2020-10-11 09:00:00,2020285N17120,NANGKA
1981176N08150,5.4302058219909668,1981-06-30 06:00:00,1981-07-01 09:00:00,1981176N08150,KELLY
2009196N14129,6.2746987342834473,2009-07-17 03:00:00,2009-07-17 09:00:00,2009196N14129,MOLAVE
1995262N04161,3.1177163124084473,1995-09-25 03:00:00,1995-09-26 09:00:00,1995262N04161,UNNAMED
1993331N05172,12.5769472122192383,1993-12-04 21:00:00,1993-12-06 09:00:00,1993331N05172,LOLA
2018294N08161,7.0212235450744629,2018-10-29 18:00:00,2018-10-30 12:00:00,2018294N08161,YUTU
2017291N09116,2.4917759895324707,2017-10-19 12:00:00,2017-10-20 00:00:00,2017291N09116,UNNAMED
1993224N07153,2.6948196887969971,1993-08-17 15:00:00,1993-08-18 03:00:00,1993224N07153,TASHA
1996312N14125,7.7616200447082528,1996-11-06 12:00:00,1996-11-13 00:00:00,1996312N14125,ERNIE
2019071N04161,4.9142284393310547,2019-03-18 15:00:00,2019-03-19 12:00:00,2019071N04161,UNNAMED
1996058N06137,7.4438424110412589,1996-02-29 03:00:00,1996-03-02 00:00:00,1996058N06137,UNNAMED
1993298N11154,7.1822257041931152,1993-11-01 03:00:00,1993-11-02 00:00:00,1993298N11154,IRA
1993096N08148,5.2547321319580078,1993-04-13 00:00:00,1993-04-14 12:00:00,1993096N08148,UNNAMED
1983321N11111,3.3333058357238770,1983-11-23 12:00:00,1983-11-25 00:00:00,1983321N11111,PERCY
2023101N14127,5.1602120399475098,2023-04-11 09:00:00,2023-04-13 06:00:00,2023101N14127,UNNAMED
1982190N09148,7.8457989692687988,1982-07-14 09:00:00,1982-07-15 15:00:00,1982190N09148,WINONA
1983239N10183,2.9751076698303223,1983-09-06 06:00:00,1983-09-07 00:00:00,1983239N10183,ELLEN
2022099N11128,4.6883711814880371,2022-04-09 06:00:00,2022-04-12 21:00:00,2022099N11128,MEGI
2017104N11130,5.1717662811279297,2017-04-15 03:00:00,2017-04-16 18:00:00,2017104N11130,UNNAMED
2017236N15129,3.6907839775085449,2017-08-24 21:00:00,2017-08-26 00:00:00,2017236N15129,PAKHAR
1997311N10151,4.7424073219299316,1997-11-15 03:00:00,1997-11-16 18:00:00,1997311N10151,MORT
1991163N11128,6.9580769538879395,1991-06-12 12:00:00,1991-06-16 00:00:00,1991163N11128,YUNYA
1990166N06141,8.1474447250366211,1990-06-21 21:00:00,1990-06-22 12:00:00,1990166N06141,OFELIA
2017253N14130,8.5904388427734375,2017-09-11 06:00:00,2017-09-12 12:00:00,2017253N14130,DOKSURI
2003316N11141,8.1579341888427734,2003-11-13 15:00:00,2003-11-14 18:00:00,2003316N11141,NEPARTAK
2008169N08135,10.7357978820800781,2008-06-20 00:00:00,2008-06-22 15:00:00,2008169N08135,FENGSHEN
1993271N14134,7.1822223663330078,1993-10-03 21:00:00,1993-10-06 06:00:00,1993271N14134,FLO
2019329N09160,17.9871063232421875,2019-12-02 03:00:00,2019-12-03 15:00:00,2019329N09160,KAMMURI
2008238N13130,2.2225165367126465,2008-08-27 06:00:00,2008-08-28 03:00:00,2008238N13130,UNNAMED
2021276N07131,4.6631059646606445,2021-10-03 15:00:00,2021-10-05 00:00:00,2021276N07131,LIONROCK
2006298N12143,5.5834140777587891,2006-10-29 09:00:00,2006-10-30 03:00:00,2006298N12143,CIMARON
1995209N17122,5.7957277297973633,1995-07-27 18:00:00,1995-07-29 06:00:00,1995209N17122,UNNAMED
2008272N08139,4.1882357597351074,2008-09-30 00:00:00,2008-10-01 18:00:00,2008272N08139,HIGOS
2008311N08128,5.2640705108642578,2008-11-05 15:00:00,2008-11-06 21:00:00,2008311N08128,MAYSAK
1995247N05144,3.0208346843719478,1995-09-07 00:00:00,1995-09-08 06:00:00,1995247N05144,UNNAMED
1982248N14133,13.7345685958862305,1982-09-07 12:00:00,1982-09-10 00:00:00,1982248N14133,IRVING
2017284N15134,6.5660901069641113,2017-10-12 15:00:00,2017-10-13 06:00:00,2017284N15134,KHANUN
1996090N04150,5.5902953147888184,1996-04-06 15:00:00,1996-04-11 18:00:00,1996090N04150,ANN
1993261N11131,3.3115260601043701,1993-09-19 21:00:00,1993-09-20 12:00:00,1993261N11131,DOT
1980181N10130,6.4077401161193848,1980-06-29 12:00:00,1980-07-01 09:00:00,1980181N10130,UNNAMED
1994192N05139,4.4956941604614258,1994-07-15 06:00:00,1994-07-15 21:00:00,1994192N05139,WALT
1989026N11127,7.1311883926391602,1989-01-28 06:00:00,1989-01-28 06:00:00,1989026N11127,UNNAMED
2020211N14124,2.9707896709442139,2020-07-29 00:00:00,2020-07-29 18:00:00,2020211N14124,SINLAKU
1996299N11121,2.9117524623870850,1996-10-24 12:00:00,1996-10-25 12:00:00,1996299N11121,UNNAMED
2023349N04141,5.7484478950500488,2023-12-17 21:00:00,2023-12-18 18:00:00,2023349N04141,JELAWAT
2003294N11112,6.1728577613830566,2003-10-23 03:00:00,2003-10-24 00:00:00,2003294N11112,UNNAMED
2017242N19122,4.9000020027160645,2017-08-30 06:00:00,2017-08-31 00:00:00,2017242N19122,MAWAR
2013210N13122,3.2471756935119629,2013-07-28 18:00:00,2013-07-29 21:00:00,2013210N13122,JEBI
2012331N03157,5.1055345535278320,2012-12-03 18:00:00,2012-12-09 06:00:00,2012331N03157,BOPHA
2020234N19123,1.7966433763504028,2020-08-20 18:00:00,2020-08-20 18:00:00,2020234N19123,BAVI
1981256N10150,6.2820372581481934,1981-09-19 15:00:00,1981-09-20 09:00:00,1981256N10150,CLARA
2020312N10131,6.0704669952392578,2020-11-07 06:00:00,2020-11-08 06:00:00,2020312N10131,ETAU
2017312N10134,7.3981676101684579,2017-11-08 15:00:00,2017-11-10 00:00:00,2017312N10134,HAIKUI
2013178N09133,5.8405084609985352,2013-06-28 18:00:00,2013-06-30 03:00:00,2013178N09133,RUMBIA
1980225N11145,2.7480778694152832,1980-08-14 18:00:00,1980-08-16 00:00:00,1980225N11145,UNNAMED
2002222N11131,4.1901350021362305,2002-08-12 21:00:00,2002-08-13 18:00:00,2002222N11131,UNNAMED
1991062N04156,7.1557331085205078,1991-03-12 18:00:00,1991-03-14 09:00:00,1991062N04156,SHARON
1999111N08126,2.7776186466217041,1999-04-21 00:00:00,1999-04-22 15:00:00,1999111N08126,KATE
2020299N11144,13.6102495193481445,2020-10-31 18:00:00,2020-11-01 21:00:00,2020299N11144,GONI
1999253N17124,6.0491690635681152,1999-09-10 12:00:00,1999-09-12 18:00:00,1999253N17124,YORK
1980317N09118,4.9156250953674316,1980-11-12 00:00:00,1980-11-12 03:00:00,1980317N09118,UNNAMED
2008135N12116,6.2583656311035156,2008-05-17 03:00:00,2008-05-18 03:00:00,2008135N12116,HALONG
1990232N13141,6.9039478302001953,1990-08-26 00:00:00,1990-08-26 21:00:00,1990232N13141,BECKY
1988306N15130,7.2475919723510733,1988-11-01 18:00:00,1988-11-03 06:00:00,1988306N15130,UNNAMED
1993317N08149,5.6020569801330566,1993-11-18 09:00:00,1993-11-19 00:00:00,1993317N08149,UNNAMED
1985183N08136,5.4568519592285156,1985-07-04 18:00:00,1985-07-06 03:00:00,1985183N08136,UNNAMED
1996356N08110,5.4280753135681152,1996-12-26 06:00:00,1996-12-26 12:00:00,1996356N08110,GREG
1987320N03171,12.3905477523803729,1987-11-25 06:00:00,1987-11-26 06:00:00,1987320N03171,NINA
2013306N07162,9.5377426147460920,2013-11-07 18:00:00,2013-11-08 15:00:00,2013306N07162,HAIYAN
1986302N05178,5.1082849502563477,1986-11-06 12:00:00,1986-11-08 03:00:00,1986302N05178,HERBERT
2011270N18139,7.9999117851257324,2011-09-30 21:00:00,2011-10-01 15:00:00,2011270N18139,NALGAE
1989272N18120,2.6481332778930664,1989-09-28 18:00:00,1989-09-28 18:00:00,1989272N18120,BRIAN
1995334N09129,7.7594914436340332,1995-12-03 18:00:00,1995-12-05 12:00:00,1995334N09129,UNNAMED
1991317N09141,7.3912076950073251,1991-11-15 15:00:00,1991-11-18 00:00:00,1991317N09141,WILDA
1989010N16212,5.4899353981018066,1989-01-21 06:00:00,1989-01-22 00:00:00,1989010N16212,WINONA
2003226N07156,3.5437116622924805,2003-08-22 09:00:00,2003-08-23 00:00:00,2003226N07156,KROVANH
1982227N09140,7.5114994049072275,1982-08-19 06:00:00,1982-08-26 03:00:00,1982227N09140,FAYE
1980300N08137,3.5940625667572021,1980-10-28 12:00:00,1980-10-29 15:00:00,1980300N08137,CARY
1998327N09126,5.0216040611267090,1998-11-22 12:00:00,1998-11-23 18:00:00,1998327N09126,ELVIS
1984267N18120,0.1251851320266724,1984-09-22 18:00:00,1984-09-22 18:00:00,1984267N18120,LYNN
2014190N08154,13.3328075408935547,2014-07-14 21:00:00,2014-07-16 06:00:00,2014190N08154,RAMMASUN
2003196N05150,7.9232058525085458,2003-07-22 00:00:00,2003-07-22 12:00:00,2003196N05150,IMBUDO
1999342N08116,5.4439854621887207,1999-12-07 12:00:00,1999-12-07 12:00:00,1999342N08116,UNNAMED
2024259N17126,3.0055096149444580,2024-09-16 12:00:00,2024-09-17 06:00:00,2024259N17126,SOULIK
1994088N09148,5.9039726257324219,1994-04-03 12:00:00,1994-04-05 15:00:00,1994088N09148,OWEN
2021046N06142,6.8484454154968262,2021-02-21 15:00:00,2021-02-23 00:00:00,2021046N06142,DUJUAN
2016211N11128,4.3389167785644531,2016-07-30 21:00:00,2016-07-31 15:00:00,2016211N11128,NIDA
2009123N10111,5.5547242164611816,2009-05-07 06:00:00,2009-05-08 00:00:00,2009123N10111,CHAN-HOM
2008262N16142,6.3056268692016602,2008-09-22 03:00:00,2008-09-22 12:00:00,2008262N16142,HAGUPIT
1985240N08148,6.3168797492980957,1985-09-02 09:00:00,1985-09-03 18:00:00,1985240N08148,TESS
1984291N13130,4.3315258026123047,1984-10-19 15:00:00,1984-10-22 06:00:00,1984291N13130,WARREN
1995264N06174,12.3356266021728516,1995-09-29 03:00:00,1995-10-01 03:00:00,1995264N06174,SIBYL
2000299N08139,11.7930793762207031,2000-10-27 06:00:00,2000-10-31 03:00:00,2000299N08139,XANGSANE
2018039N08151,7.9829773902893075,2018-02-12 21:00:00,2018-02-15 21:00:00,2018039N08151,SANBA
2017247N16132,2.0687088966369629,2017-09-05 12:00:00,2017-09-05 18:00:00,2017247N16132,GUCHOL
2017161N13119,3.9925441741943359,2017-06-10 00:00:00,2017-06-10 00:00:00,2017161N13119,MERBOK
2006340N08142,8.6656026840209961,2006-12-09 00:00:00,2006-12-10 18:00:00,2006340N08142,UTOR
1996201N07137,7.0755491256713867,1996-07-24 15:00:00,1996-07-25 15:00:00,1996201N07137,GLORIA
2020288N13124,5.4893364906311035,2020-10-14 06:00:00,2020-10-15 00:00:00,2020288N13124,UNNAMED
2021185N13121,5.7353940010070801,2021-07-03 18:00:00,2021-07-04 03:00:00,2021185N13121,UNNAMED
2020229N18123,2.7633585929870605,2020-08-16 06:00:00,2020-08-17 06:00:00,2020229N18123,HIGOS
2016328N09130,6.0196170806884766,2016-11-24 03:00:00,2016-11-25 21:00:00,2016328N09130,TOKAGE
1982073N07153,5.7768783569335938,1982-03-19 09:00:00,1982-03-21 06:00:00,1982073N07153,MAMIE
1997143N17111,5.7880344390869141,1997-05-25 15:00:00,1997-05-26 18:00:00,1997143N17111,LEVI
1980126N08150,5.3144993782043457,1980-05-13 12:00:00,1980-05-15 21:00:00,1980126N08150,DOM
1993250N17119,3.1906549930572514,1993-09-07 12:00:00,1993-09-08 21:00:00,1993250N17119,ABE
2001181N08141,6.9915857315063477,2001-07-04 03:00:00,2001-07-04 12:00:00,2001181N08141,UTOR
1985281N02144,4.7945175170898438,1985-10-11 06:00:00,1985-10-12 15:00:00,1985281N02144,CECIL
2014260N13135,8.2387056350708008,2014-09-18 21:00:00,2014-09-19 21:00:00,2014260N13135,FUNG-WONG
2003196N11137,6.5532059669494629,2003-07-16 21:00:00,2003-07-18 06:00:00,2003196N11137,KONI
1992198N13135,4.7863006591796875,1992-07-19 18:00:00,1992-07-20 15:00:00,1992198N13135,GARY
1993166N06131,2.3405704498291016,1993-06-18 15:00:00,1993-06-20 06:00:00,1993166N06131,UNNAMED
1996305N11121,3.6379435062408447,1996-10-31 06:00:00,1996-10-31 21:00:00,1996305N11121,UNNAMED
2017202N19124,1.7218081951141355,2017-07-21 15:00:00,2017-07-21 21:00:00,2017202N19124,ROKE
1992259N11159,5.8466782569885254,1992-09-20 15:00:00,1992-09-21 09:00:00,1992259N11159,TED
2020281N14126,3.7758119106292729,2020-10-07 00:00:00,2020-10-08 12:00:00,2020281N14126,LINFA
2000334N08130,6.8059363365173340,2000-11-30 09:00:00,2000-12-01 12:00:00,2000334N08130,RUMBIA
2008012N12123,3.6865773200988770,2008-01-12 06:00:00,2008-01-13 00:00:00,2008012N12123,UNNAMED
1986276N07177,10.2698707580566406,1986-10-11 00:00:00,1986-10-12 12:00:00,1986276N07177,ELLEN
1996250N08148,3.8033192157745361,1996-09-10 00:00:00,1996-09-10 09:00:00,1996250N08148,UNNAMED
2017364N07138,7.1044583320617676,2018-01-01 09:00:00,2018-01-02 18:00:00,2017364N07138,BOLAVEN
1985284N05159,11.5595655441284180,1985-10-17 18:00:00,1985-10-19 03:00:00,1985284N05159,DOT
2009324N06129,4.0944166183471680,2009-11-24 03:00:00,2009-11-25 00:00:00,2009324N06129,UNNAMED
1999096N10136,3.5831928253173828,1999-04-09 03:00:00,1999-04-10 00:00:00,1999096N10136,UNNAMED
1995292N08150,2.9706859588623047,1995-10-23 09:00:00,1995-10-24 06:00:00,1995292N08150,YVETTE
2001170N11138,6.3914041519165039,2001-06-22 03:00:00,2001-06-22 09:00:00,2001170N11138,CHEBI
2013282N14132,6.2926373481750488,2013-10-11 09:00:00,2013-10-12 00:00:00,2013282N14132,NARI
2015226N12151,6.6516070365905762,2015-08-21 00:00:00,2015-08-21 18:00:00,2015226N12151,GONI
2015183N13130,6.1202325820922852,2015-07-04 12:00:00,2015-07-05 18:00:00,2015183N13130,LINFA
2007323N09128,8.9144935607910156,2007-11-18 18:00:00,2007-11-27 21:00:00,2007323N09128,HAGIBIS
2010191N12138,6.4770894050598145,2010-07-13 00:00:00,2010-07-14 03:00:00,2010191N12138,CONSON
1983186N04153,10.2844257354736328,1983-07-13 18:00:00,1983-07-15 12:00:00,1983186N04153,VERA
1999241N12133,3.3780472278594971,1999-09-02 03:00:00,1999-09-02 18:00:00,1999241N12133,WENDY
1993185N09137,4.0717816352844238,1993-07-07 15:00:00,1993-07-09 03:00:00,1993185N09137,LEWIS
2015348N04146,6.0902924537658691,2015-12-18 12:00:00,2015-12-19 12:00:00,2015348N04146,UNNAMED
2009173N10132,6.6621842384338379,2009-06-23 00:00:00,2009-06-24 21:00:00,2009173N10132,NANGKA
2019302N11118,0.7926720380783081,2019-10-28 12:00:00,2019-10-28 15:00:00,2019302N11118,BULBUL:MATMO
2019314N14136,3.2287285327911377,2019-11-18 00:00:00,2019-11-20 18:00:00,2019314N14136,KALMAEGI
2017008N08128,5.7986669540405273,2017-01-07 21:00:00,2017-01-11 03:00:00,2017008N08128,UNNAMED
1993059N05136,5.5768346786499023,1993-03-01 03:00:00,1993-03-02 00:00:00,1993059N05136,UNNAMED
2003357N11142,7.2685418128967276,2003-12-27 06:00:00,2003-12-27 18:00:00,2003357N11142,UNNAMED
2020291N06141,6.7945857048034668,2020-10-20 09:00:00,2020-10-21 00:00:00,2020291N06141,SAUDEL
2016355N07146,9.4124689102172852,2016-12-25 03:00:00,2016-12-26 09:00:00,2016355N07146,NOCK-TEN
1985268N16126,2.5439147949218750,1985-09-25 15:00:00,1985-09-26 09:00:00,1985268N16126,ANDY
1988177N07137,4.7214574813842773,1988-06-27 03:00:00,1988-06-28 03:00:00,1988177N07137,VANESSA
2004327N16125,3.2509515285491943,2004-11-22 03:00:00,2004-11-23 12:00:00,2004327N16125,MERBOK
2020313N08135,11.3109569549560547,2020-11-11 00:00:00,2020-11-12 03:00:00,2020313N08135,VAMCO
2022342N06133,2.9501044750213623,2022-12-09 12:00:00,2022-12-10 06:00:00,2022342N06133,PAKHAR
2013196N14128,3.5081520080566406,2013-07-16 15:00:00,2013-07-17 06:00:00,2013196N14128,CIMARON
2021296N06127,4.5991625785827637,2021-10-22 15:00:00,2021-10-23 21:00:00,2021296N06127,UNNAMED
1990250N13157,3.9888472557067871,1990-09-14 09:00:00,1990-09-14 21:00:00,1990250N13157,ED
1988307N09131,6.3958578109741211,1988-11-02 06:00:00,1988-11-04 18:00:00,1988307N09131,TESS
1980137N04158,5.5752167701721191,1980-05-24 03:00:00,1980-05-26 06:00:00,1980137N04158,FORREST
1984239N08146,6.3611025810241699,1984-09-01 12:00:00,1984-09-03 06:00:00,1984239N08146,IKE
2002214N19120,2.1305356025695801,2002-08-01 18:00:00,2002-08-01 18:00:00,2002214N19120,KAMMURI
2020296N09137,11.1752672195434553,2020-10-25 06:00:00,2020-10-26 03:00:00,2020296N09137,MOLAVE
1992188N07156,5.4321880340576172,1992-07-11 00:00:00,1992-07-11 09:00:00,1992188N07156,ELI
1981178N05160,5.1665124893188477,1981-07-03 06:00:00,1981-07-04 21:00:00,1981178N05160,LYNN
2020160N10133,4.1329054832458496,2020-06-09 12:00:00,2020-06-12 03:00:00,2020160N10133,NURI
2009213N16130,4.8828005790710449,2009-08-01 09:00:00,2009-08-01 21:00:00,2009213N16130,GONI
1990312N12121,3.5191547870635982,1990-11-08 06:00:00,1990-11-08 12:00:00,1990312N12121,NELL
2011167N08129,3.2731783390045166,2011-06-19 09:00:00,2011-06-19 21:00:00,2011167N08129,HAIMA
2024313N15138,5.0213065147399902,2024-11-10 21:00:00,2024-11-11 15:00:00,2024313N15138,TORAJI
2023201N13134,7.2757816314697266,2023-07-25 09:00:00,2023-07-26 12:00:00,2023201N13134,DOKSURI
1995294N05163,5.4968075752258301,1995-10-27 18:00:00,1995-10-29 09:00:00,1995294N05163,ZACK
2021346N05145,7.1243119239807129,2021-12-16 03:00:00,2021-12-17 15:00:00,2021346N05145,RAI
1987219N08134,7.4473662376403809,1987-08-11 18:00:00,1987-08-13 03:00:00,1987219N08134,BETTY
1988295N10138,16.6548671722412109,1988-10-23 21:00:00,1988-10-25 06:00:00,1988295N10138,RUBY
2000196N16122,5.5646800994873047,2000-07-13 18:00:00,2000-07-14 15:00:00,2000196N16122,UNNAMED
1997298N06140,4.7321639060974121,1997-10-29 03:00:00,1997-10-31 09:00:00,1997298N06140,LINDA
1984184N06139,3.4298508167266850,1984-07-05 00:00:00,1984-07-06 12:00:00,1984184N06139,BETTY
2011346N03156,6.4461078643798828,2011-12-16 03:00:00,2011-12-17 21:00:00,2011346N03156,WASHI
2009270N10148,6.6645512580871582,2009-10-02 21:00:00,2009-10-09 09:00:00,2009270N10148,PARMA
1980201N08155,6.3119573593139648,1980-07-24 21:00:00,1980-07-25 15:00:00,1980201N08155,KIM
2017347N11131,8.1009235382080078,2017-12-16 00:00:00,2017-12-18 12:00:00,2017347N11131,KAI-TAK
2004319N10134,8.6399183273315430,2004-11-15 00:00:00,2004-11-20 15:00:00,2004319N10134,MUIFA
2016287N12131,7.9475765228271484,2016-10-14 18:00:00,2016-10-16 03:00:00,2016287N12131,SARIKA
2023234N18128,6.9669809341430664,2023-08-26 00:00:00,2023-08-30 00:00:00,2023234N18128,SAOLA
2009299N12153,11.4011917114257795,2009-10-30 06:00:00,2009-10-31 03:00:00,2009299N12153,MIRINAE
1999230N12129,6.6350817680358887,1999-08-19 18:00:00,1999-08-20 15:00:00,1999230N12129,SAM
2004333N06154,11.0910167694091797,2004-12-02 00:00:00,2004-12-02 21:00:00,2004333N06154,NANMADOL
1986309N07162,6.8800163269042969,1986-11-12 06:00:00,1986-11-13 18:00:00,1986309N07162,IDA
1980076N06148,8.2547502517700195,1980-03-23 09:00:00,1980-03-25 12:00:00,1980076N06148,UNNAMED
2013049N05131,7.6364855766296387,2013-02-18 21:00:00,2013-02-20 21:00:00,2013049N05131,SHANSHAN
2020129N07134,8.9356269836425781,2020-05-14 00:00:00,2020-05-16 12:00:00,2020129N07134,VONGFONG
2002008N07141,5.7222304344177246,2002-01-12 15:00:00,2002-01-14 00:00:00,2002008N07141,TAPAH
1990171N11148,5.7587180137634277,1990-06-26 21:00:00,1990-06-27 12:00:00,1990171N11148,PERCY
2003302N11133,4.1303453445434570,2003-10-31 18:00:00,2003-11-02 00:00:00,2003302N11133,MELOR
1996246N08148,2.7705066204071045,1996-09-07 15:00:00,1996-09-07 21:00:00,1996246N08148,SALLY
2023194N16123,4.7116374969482422,2023-07-13 06:00:00,2023-07-14 06:00:00,2023194N16123,TALIM
2000193N10131,4.0962481498718262,2000-07-13 15:00:00,2000-07-14 00:00:00,2000193N10131,UNNAMED
1999310N09138,6.8596501350402832,1999-11-07 21:00:00,1999-11-10 06:00:00,1999310N09138,FRANKIE
2014080N08128,7.4969520568847647,2014-03-21 15:00:00,2014-03-24 06:00:00,2014080N08128,UNNAMED
1995276N13124,2.8711628913879395,1995-10-03 06:00:00,1995-10-04 06:00:00,1995276N13124,UNNAMED
1995225N12124,2.8936405181884770,1995-08-13 06:00:00,1995-08-14 15:00:00,1995225N12124,IRVING
1982339N07139,6.3925290107727051,1982-12-07 21:00:00,1982-12-10 18:00:00,1982339N07139,ROGER
1996137N13111,1.4634636640548706,1996-05-22 12:00:00,1996-05-22 15:00:00,1996137N13111,CAM
2015273N12130,5.4258842468261719,2015-10-01 00:00:00,2015-10-02 06:00:00,2015273N12130,MUJIGAE
2005257N15120,3.1082711219787602,2005-09-14 06:00:00,2005-09-14 06:00:00,2005257N15120,VICENTE
1988290N08145,2.9552435874938965,1988-10-20 12:00:00,1988-10-20 21:00:00,1988290N08145,PAT
1981355N07149,7.5331730842590332,1981-12-25 06:00:00,1981-12-26 12:00:00,1981355N07149,LEE
1986094N06138,6.5232744216918945,1986-04-06 00:00:00,1986-04-06 18:00:00,1986094N06138,UNNAMED
1982283N17148,4.6123676300048828,1982-10-14 09:00:00,1982-10-15 00:00:00,1982283N17148,NANCY
2013305N07141,4.3522124290466309,2013-11-03 21:00:00,2013-11-05 03:00:00,2013305N07141,UNNAMED
1987219N08155,6.1400246620178223,1987-08-17 09:00:00,1987-08-18 15:00:00,1987219N08155,CARY
2005350N08127,7.4674005508422852,2005-12-15 12:00:00,2005-12-17 12:00:00,2005350N08127,UNNAMED
1989286N14137,5.7490911483764648,1989-10-19 00:00:00,1989-10-19 15:00:00,1989286N14137,ELSIE
1987288N13168,6.2876524925231934,1987-10-23 09:00:00,1987-10-24 03:00:00,1987288N13168,LYNN
2018202N18116,4.9797658920288086,2018-07-21 06:00:00,2018-07-21 18:00:00,2018202N18116,UNNAMED
1980197N15133,4.9795083999633789,1980-07-15 21:00:00,1980-07-16 18:00:00,1980197N15133,UNNAMED
1984180N16130,3.7430377006530762,1984-07-02 06:00:00,1984-07-02 12:00:00,1984180N16130,ALEX
1990140N09122,3.2717831134796143,1990-05-19 18:00:00,1990-05-22 00:00:00,1990140N09122,UNNAMED
2012201N15129,3.8770301342010498,2012-07-20 09:00:00,2012-07-20 21:00:00,2012201N15129,VICENTE
2001047N09134,6.9501843452453613,2001-02-17 18:00:00,2001-02-22 00:00:00,2001047N09134,UNNAMED
2015085N06162,4.3694171905517578,2015-04-04 21:00:00,2015-04-05 09:00:00,2015085N06162,MAYSAK
1991301N08173,4.2493252754211426,1991-11-12 15:00:00,1991-11-14 03:00:00,1991301N08173,SETH
2015344N07145,8.7660064697265625,2015-12-13 21:00:00,2015-12-17 00:00:00,2015344N07145,MELOR
2019242N18126,2.8331503868103027,2019-08-31 00:00:00,2019-08-31 12:00:00,2019242N18126,KAJIKI
1989199N05139,3.8872749805450439,1989-07-19 21:00:00,1989-07-20 15:00:00,1989199N05139,IRVING
2007324N10140,5.5915098190307617,2007-11-25 12:00:00,2007-11-27 00:00:00,2007324N10140,MITAG
2009121N13124,6.2852625846862793,2009-04-30 18:00:00,2009-05-03 06:00:00,2009121N13124,KUJIRA
1998351N11125,2.6937220096588135,1998-12-17 00:00:00,1998-12-19 00:00:00,1998351N11125,UNNAMED
1997283N07177,5.8383789062500000,1997-10-19 06:00:00,1997-10-20 21:00:00,1997283N07177,IVAN
1991244N19126,3.3699066638946533,1991-09-01 12:00:00,1991-09-02 18:00:00,1991244N19126,JOEL
1981311N08119,5.7600955963134766,1981-11-07 03:00:00,1981-11-07 15:00:00,1981311N08119,UNNAMED
1983188N06136,4.5751848220825195,1983-07-09 15:00:00,1983-07-10 15:00:00,1983188N06136,TIP
1995236N10134,3.8784050941467290,1995-08-30 00:00:00,1995-08-30 00:00:00,1995236N10134,KENT
2016279N19130,2.4277989864349365,2016-10-05 18:00:00,2016-10-05 21:00:00,2016279N19130,AERE
2012046N08130,3.4270327091217041,2012-02-15 09:00:00,2012-02-17 00:00:00,2012046N08130,UNNAMED
1994134N05161,2.6233651638031006,1994-05-24 03:00:00,1994-05-25 03:00:00,1994134N05161,UNNAMED
1984299N18127,2.4689643383026123,1984-10-26 00:00:00,1984-10-26 03:00:00,1984299N18127,UNNAMED
1990319N07197,6.9344091415405273,1990-12-04 06:00:00,1990-12-05 00:00:00,1990319N07197,OWEN
1998217N10130,2.6187553405761719,1998-08-07 18:00:00,1998-08-08 12:00:00,1998217N10130,PENNY
2019195N13136,4.6150202751159668,2019-07-16 15:00:00,2019-07-16 21:00:00,2019195N13136,DANAS
2024293N13141,7.0233302116394043,2024-10-23 09:00:00,2024-10-24 21:00:00,2024293N13141,TRAMI
1992194N07140,2.9532899856567383,1992-07-15 00:00:00,1992-07-15 12:00:00,1992194N07140,FAYE
2021248N11131,6.7073535919189453,2021-09-06 06:00:00,2021-09-08 18:00:00,2021248N11131,CONSON
2009268N14128,7.4034357070922852,2009-09-26 00:00:00,2009-09-26 12:00:00,2009268N14128,KETSANA
1996328N08151,7.3268952369689933,1996-12-01 00:00:00,1996-12-02 00:00:00,1996328N08151,UNNAMED
2013220N12137,5.3020777702331543,2013-08-11 15:00:00,2013-08-12 03:00:00,2013220N12137,UTOR
1987311N10148,5.5911526679992676,1987-11-14 00:00:00,1987-11-15 21:00:00,1987311N10148,MAURY
2001323N05107,6.6397876739501953,2001-11-22 18:00:00,2001-11-23 06:00:00,2001323N05107,UNNAMED
1990283N15129,2.6027934551239018,1990-10-10 09:00:00,1990-10-11 06:00:00,1990283N15129,JEANA
2004158N07142,3.1799218654632568,2004-06-08 15:00:00,2004-06-10 09:00:00,2004158N07142,CHANTHU
2017232N19130,2.9794085025787354,2017-08-21 15:00:00,2017-08-21 18:00:00,2017232N19130,HATO
2020195N17125,2.4548454284667969,2020-07-13 06:00:00,2020-07-13 21:00:00,2020195N17125,UNNAMED
2011266N13139,8.2892408370971680,2011-09-26 18:00:00,2011-09-27 12:00:00,2011266N13139,NESAT
2009164N10131,3.0253040790557861,2009-06-14 18:00:00,2009-06-16 09:00:00,2009164N10131,LINFA
1996282N11162,3.3166146278381348,1996-10-17 06:00:00,1996-10-18 15:00:00,1996282N11162,ABEL:BETH
2000305N06136,5.3427219390869141,2000-11-01 18:00:00,2000-11-03 09:00:00,2000305N06136,BEBINCA
2022292N21132,1.4222112894058228,2022-10-21 12:00:00,2022-10-21 15:00:00,2022292N21132,UNNAMED
2018195N19138,3.8576359748840336,2018-07-16 09:00:00,2018-07-16 18:00:00,2018195N19138,SON-TINH
1988263N15126,4.4685773849487305,1988-09-19 09:00:00,1988-09-20 06:00:00,1988263N15126,KIT
2004174N14146,6.5700120925903320,2004-06-29 12:00:00,2004-06-30 15:00:00,2004174N14146,MINDULLE
1991111N04145,4.6788663864135742,1991-04-24 03:00:00,1991-04-25 21:00:00,1991111N04145,VANESSA
1991304N08140,5.3458657264709473,1991-11-04 12:00:00,1991-11-06 09:00:00,1991304N08140,THELMA
1995244N08139,4.0156106948852539,1995-09-03 18:00:00,1995-09-04 09:00:00,1995244N08139,NINA
2020258N11127,3.4108645915985107,2020-09-14 06:00:00,2020-09-15 12:00:00,2020258N11127,NOUL
2012317N07118,5.3888554573059082,2012-11-12 06:00:00,2012-11-12 12:00:00,2012317N07118,UNNAMED
1998342N06141,9.7455806732177734,1998-12-10 09:00:00,1998-12-11 12:00:00,1998342N06141,FAITH
2014029N10143,6.5839023590087891,2014-01-31 09:00:00,2014-02-01 09:00:00,2014029N10143,KAJIKI
2000248N18126,7.0838308334350586,2000-09-10 15:00:00,2000-09-11 18:00:00,2000248N18126,BOPHA
1986316N06146,5.3604230880737305,1986-11-19 15:00:00,1986-11-19 21:00:00,1986316N06146,JOE
2017321N07124,3.4588978290557861,2017-11-16 12:00:00,2017-11-17 09:00:00,2017321N07124,KIROGI
1982325N08176,9.2719526290893572,1982-12-07 00:00:00,1982-12-08 09:00:00,1982325N08176,PAMELA
1995215N12145,3.1381170749664307,1995-08-09 03:00:00,1995-08-09 15:00:00,1995215N12145,HELEN
2020353N06129,6.1894297599792480,2020-12-17 21:00:00,2020-12-19 15:00:00,2020353N06129,KROVANH
2002252N20121,3.2110652923583984,2002-09-08 18:00:00,2002-09-08 21:00:00,2002252N20121,HAGUPIT
1982246N16119,3.7483694553375249,1982-09-03 00:00:00,1982-09-03 15:00:00,1982246N16119,HOPE
1994250N14133,4.6639013290405273,1994-09-10 00:00:00,1994-09-10 15:00:00,1994250N14133,LUKE
1992314N08141,7.4651083946228036,1992-11-10 15:00:00,1992-11-12 03:00:00,1992314N08141,FORREST
1994197N14115,5.0704350471496582,1994-07-18 09:00:00,1994-07-19 15:00:00,1994197N14115,YUNYA
2019236N08143,3.5468926429748535,2019-08-27 12:00:00,2019-08-27 21:00:00,2019236N08143,PODUL
1996303N07155,7.7616200447082528,1996-11-05 15:00:00,1996-11-08 00:00:00,1996303N07155,ERNIE
1993253N06150,5.6713337898254395,1993-09-15 09:00:00,1993-09-16 00:00:00,1993253N06150,BECKY
1990272N11121,2.4993250370025635,1990-09-29 06:00:00,1990-09-30 03:00:00,1990272N11121,IRA
2001204N19127,2.0771360397338867,2001-07-23 09:00:00,2001-07-23 12:00:00,2001204N19127,YUTU
2005222N14131,8.0781431198120117,2005-08-11 15:00:00,2005-08-12 03:00:00,2005222N14131,SANVU
2017354N08134,8.0041112899780273,2017-12-21 15:00:00,2017-12-23 15:00:00,2017354N08134,TEMBIN
2008320N08122,3.1113202571868896,2008-11-14 18:00:00,2008-11-15 18:00:00,2008320N08122,NOUL
2017304N11127,6.1794238090515137,2017-10-31 03:00:00,2017-11-01 12:00:00,2017304N11127,DAMREY
1991289N06156,7.3354029655456543,1991-10-27 03:00:00,1991-10-29 00:00:00,1991289N06156,RUTH
1989134N07138,10.9161367416381836,1989-05-16 12:00:00,1989-05-18 03:00:00,1989134N07138,BRENDA
1989271N12142,5.8577780723571777,1989-10-05 12:00:00,1989-10-06 09:00:00,1989271N12142,ANGELA
1988356N05142,8.6357498168945312,1988-12-23 18:00:00,1988-12-27 12:00:00,1988356N05142,VAL
1999275N16135,5.8390283584594727,1999-10-04 21:00:00,1999-10-05 18:00:00,1999275N16135,DAN
1993231N09134,4.6782498359680176,1993-08-21 15:00:00,1993-08-23 12:00:00,1993231N09134,WINONA
2005262N13127,5.9517621994018555,2005-09-19 18:00:00,2005-09-22 00:00:00,2005262N13127,DAMREY
1987343N05154,8.7666749954223633,1987-12-15 18:00:00,1987-12-18 03:00:00,1987343N05154,PHYLLIS
2024308N08140,3.2145307064056396,2024-11-07 00:00:00,2024-11-07 21:00:00,2024308N08140,YINXING
2000138N16119,5.5583791732788086,2000-05-17 06:00:00,2000-05-18 09:00:00,2000138N16119,LONGWANG
1985162N05154,6.6649370193481445,1985-06-21 18:00:00,1985-06-22 06:00:00,1985162N05154,HAL
2009254N14130,5.0200638771057129,2009-09-12 15:00:00,2009-09-13 00:00:00,2009254N14130,KOPPU
2015122N07144,4.5209374427795410,2015-05-10 00:00:00,2015-05-10 21:00:00,2015122N07144,NOUL
1988150N19119,3.9045724868774414,1988-05-29 03:00:00,1988-05-29 09:00:00,1988150N19119,SUSAN
2007306N18133,4.9770526885986328,2007-11-04 09:00:00,2007-11-05 03:00:00,2007306N18133,PEIPAH
1993336N05164,7.0158534049987793,1993-12-09 15:00:00,1993-12-11 15:00:00,1993336N05164,MANNY
1984302N00149,8.0825147628784180,1984-11-04 15:00:00,1984-11-05 18:00:00,1984302N00149,AGNES
1987325N13126,4.1379175186157227,1987-11-20 21:00:00,1987-11-22 03:00:00,1987325N13126,OGDEN
1985294N10122,5.4787626266479492,1985-10-21 00:00:00,1985-10-27 15:00:00,1985294N10122,FAYE
2008217N19120,3.1373014450073242,2008-08-03 12:00:00,2008-08-03 15:00:00,2008217N19120,KAMMURI
2008229N13147,4.0340280532836914,2008-08-19 18:00:00,2008-08-20 12:00:00,2008229N13147,NURI
1994169N06152,3.4237940311431885,1994-06-22 09:00:00,1994-06-23 06:00:00,1994169N06152,SHARON
2018311N07179,7.0918917655944824,2018-11-20 12:00:00,2018-11-21 21:00:00,2018311N07179,USAGI
2015285N14151,8.7226572036743164,2015-10-17 12:00:00,2015-10-21 06:00:00,2015285N14151,KOPPU
1990129N05138,4.9325494766235352,1990-05-13 03:00:00,1990-05-15 06:00:00,1990129N05138,MARIAN
2006128N09138,10.0367422103881836,2006-05-11 09:00:00,2006-05-13 09:00:00,2006128N09138,CHANCHU
1988308N09140,9.4291152954101562,1988-11-06 21:00:00,1988-11-08 00:00:00,1988308N09140,SKIP
1993279N12114,6.1737132072448730,1993-10-07 06:00:00,1993-10-11 15:00:00,1993279N12114,UNNAMED
2013316N06130,6.1259193420410156,2013-11-11 21:00:00,2013-11-13 06:00:00,2013316N06130,PODUL
1991187N06139,6.3549451828002930,1991-07-08 21:00:00,1991-07-10 12:00:00,1991187N06139,ZEKE
2011126N11129,8.7568378448486328,2011-05-07 06:00:00,2011-05-09 21:00:00,2011126N11129,AERE
1995206N15133,4.8309535980224609,1995-07-27 03:00:00,1995-07-28 06:00:00,1995206N15133,GARY
2014254N10142,5.5907564163208008,2014-09-14 06:00:00,2014-09-14 18:00:00,2014254N10142,KALMAEGI
2003158N08156,5.8074378967285156,2003-06-14 15:00:00,2003-06-16 15:00:00,2003158N08156,SOUDELOR
1986343N05176,7.9744324684143075,1986-12-21 06:00:00,1986-12-23 00:00:00,1986343N05176,MARGE
2019004N03175,7.8495039939880371,2019-01-20 03:00:00,2019-01-22 12:00:00,2019004N03175,UNNAMED
1991220N10133,4.8533225059509277,1991-08-11 15:00:00,1991-08-13 06:00:00,1991220N10133,FRED
2016288N06146,4.8890409469604492,2016-10-19 12:00:00,2016-10-20 00:00:00,2016288N06146,HAIMA
1986228N19120,5.3535943031311035,1986-08-28 09:00:00,1986-09-03 03:00:00,1986228N19120,WAYNE
2021280N14137,7.0538401603698730,2021-10-11 06:00:00,2021-10-11 21:00:00,2021280N14137,KOMPASU
2002199N08130,8.7502460479736328,2002-07-18 12:00:00,2002-07-22 06:00:00,2002199N08130,UNNAMED
1994001N05156,6.6614503860473633,1994-01-05 06:00:00,1994-01-06 12:00:00,1994001N05156,UNNAMED
2006174N08135,3.7171037197113042,2006-06-24 09:00:00,2006-06-26 00:00:00,2006174N08135,JELAWAT
2000332N08133,7.6326489448547363,2000-11-29 15:00:00,2000-12-02 15:00:00,2000332N08133,RUMBIA
1983220N16111,4.7505497932434082,1983-08-13 18:00:00,1983-08-14 03:00:00,1983220N16111,CARMEN
2006349N08157,7.5418577194213876,2006-12-19 18:00:00,2006-12-20 06:00:00,2006349N08157,TRAMI
1997210N15120,2.8164517879486084,1997-07-28 12:00:00,1997-07-28 18:00:00,1997210N15120,VICTOR
2004074N03143,8.1275653839111328,2004-03-19 21:00:00,2004-03-20 21:00:00,2004074N03143,UNNAMED
1987245N17120,4.5669870376586914,1987-09-02 06:00:00,1987-09-02 06:00:00,1987245N17120,UNNAMED
2012177N11135,4.2361936569213867,2012-06-28 06:00:00,2012-06-28 12:00:00,2012177N11135,DOKSURI
1990163N08133,5.8767251968383789,1990-06-14 00:00:00,1990-06-15 00:00:00,1990163N08133,NATHAN
2022264N17132,5.1983318328857422,2022-09-25 00:00:00,2022-09-25 21:00:00,2022264N17132,NORU
2014334N02156,11.9936122894287074,2014-12-06 09:00:00,2014-12-09 06:00:00,2014334N02156,HAGUPIT
2007265N20122,4.0305333137512207,2007-09-21 12:00:00,2007-09-21 21:00:00,2007265N20122,FRANCISCO
1986275N10134,4.5127849578857422,1986-10-03 09:00:00,1986-10-07 03:00:00,1986275N10134,DOM
1980197N07154,6.2168765068054199,1980-07-20 15:00:00,1980-07-21 03:00:00,1980197N07154,JOE
2003144N16119,6.7090921401977539,2003-05-24 09:00:00,2003-05-27 21:00:00,2003144N16119,LINFA
1995277N07141,2.4309003353118896,1995-10-06 21:00:00,1995-10-08 12:00:00,1995277N07141,TED
1994232N10144,2.5666337013244629,1994-08-24 09:00:00,1994-08-25 03:00:00,1994232N10144,HARRY
2022299N11134,12.1395034790039062,2022-10-28 09:00:00,2022-10-29 21:00:00,2022299N11134,NALGAE
2012225N16133,5.8358631134033203,2012-08-14 15:00:00,2012-08-15 09:00:00,2012225N16133,KAI-TAK
1995252N08142,3.1484751701354980,1995-09-11 15:00:00,1995-09-14 00:00:00,1995252N08142,POLLY
2006268N12129,8.3332643508911133,2006-09-26 15:00:00,2006-09-28 12:00:00,2006268N12129,XANGSANE
2014362N07130,7.0075440406799316,2014-12-28 12:00:00,2014-12-30 21:00:00,2014362N07130,JANGMI
1994287N14156,6.1588697433471680,1994-10-20 15:00:00,1994-10-21 15:00:00,1994287N14156,TERESA
2007272N17125,4.7719101905822754,2007-09-29 00:00:00,2007-09-29 12:00:00,2007272N17125,LEKIMA
2002078N04138,5.2156424522399902,2002-03-21 03:00:00,2002-03-23 03:00:00,2002078N04138,UNNAMED
2001228N15118,4.5984392166137695,2001-08-16 06:00:00,2001-08-16 09:00:00,2001228N15118,UNNAMED
2001264N21126,4.7102217674255371,2001-09-23 03:00:00,2001-09-24 21:00:00,2001264N21126,LEKIMA
2009189N17129,3.6475980281829834,2009-07-09 15:00:00,2009-07-10 06:00:00,2009189N17129,SOUDELOR
2001338N10130,7.2652187347412109,2001-12-04 18:00:00,2001-12-06 21:00:00,2001338N10130,KAJIKI
1989314N10152,8.4707012176513672,1989-11-21 06:00:00,1989-11-22 18:00:00,1989314N10152,HUNT
1990310N07152,9.3366603851318359,1990-11-12 12:00:00,1990-11-13 18:00:00,1990310N07152,MIKE
1994189N16117,7.0310497283935547,1994-07-10 12:00:00,1994-07-10 21:00:00,1994189N16117,VANESSA
1990202N13130,3.6925654411315918,1990-07-27 00:00:00,1990-07-27 09:00:00,1990202N13130,TASHA
1989190N20160,5.6580529212951660,1989-07-15 15:00:00,1989-07-16 06:00:00,1989190N20160,GORDON
2000185N15117,6.3668150901794434,2000-07-03 12:00:00,2000-07-05 18:00:00,2000185N15117,KAI-TAK
2011282N08136,5.6520905494689941,2011-10-11 09:00:00,2011-10-13 00:00:00,2011282N08136,BANYAN
2010285N13145,5.5814347267150879,2010-10-18 00:00:00,2010-10-19 00:00:00,2010285N13145,MEGI
1991196N06153,5.4620299339294434,1991-07-22 00:00:00,1991-07-22 15:00:00,1991196N06153,BRENDAN
1993164N04160,6.7414641380310059,1993-06-25 15:00:00,1993-06-26 06:00:00,1993164N04160,KORYN
1984238N18137,5.6193962097167969,1984-08-28 15:00:00,1984-08-29 06:00:00,1984238N18137,JUNE
1984313N14154,7.8568387031555167,1984-11-17 03:00:00,1984-11-23 06:00:00,1984313N14154,BILL
1989187N15132,1.6732054948806765,1989-07-08 09:00:00,1989-07-08 21:00:00,1989187N15132,FAYE
2019354N05151,5.8704366683959961,2019-12-24 06:00:00,2019-12-25 18:00:00,2019354N05151,PHANFONE
1993353N05159,8.3493394851684570,1993-12-26 00:00:00,1993-12-27 18:00:00,1993353N05159,NELL
2022301N07140,2.0299901962280273,2022-11-02 12:00:00,2022-11-03 00:00:00,2022301N07140,BANYAN
2014329N08131,5.7764325141906738,2014-11-26 06:00:00,2014-11-27 21:00:00,2014329N08131,SINLAKU
1993193N08144,1.7989716529846191,1993-07-16 15:00:00,1993-07-17 00:00:00,1993193N08144,MARIAN
1984220N03145,3.5591814517974858,1984-08-13 12:00:00,1984-08-13 12:00:00,1984220N03145,UNNAMED
1981343N05150,6.6661911010742196,1981-12-21 21:00:00,1981-12-22 18:00:00,1981343N05150,KIT
2006311N16143,3.7271707057952881,2006-11-10 18:00:00,2006-11-11 15:00:00,2006311N16143,CHEBI
1996283N12133,2.1947851181030273,1996-10-11 15:00:00,1996-10-12 09:00:00,1996283N12133,BETH
1994345N06165,8.6194486618041992,1994-12-21 00:00:00,1994-12-22 21:00:00,1994345N06165,AXEL
2004134N07132,9.0146331787109357,2004-05-16 06:00:00,2004-05-17 09:00:00,2004134N07132,NIDA
2015203N16126,3.1773803234100342,2015-07-22 21:00:00,2015-07-23 15:00:00,2015203N16126,UNNAMED
2013301N13142,4.1783633232116699,2013-10-31 06:00:00,2013-10-31 21:00:00,2013301N13142,KROSA
2015012N09146,11.2863788604736328,2015-01-17 03:00:00,2015-01-19 12:00:00,2015012N09146,MEKKHALA
2012359N08134,7.3821506500244141,2012-12-25 09:00:00,2012-12-26 21:00:00,2012359N08134,WUKONG
2018250N12170,7.9073815345764160,2018-09-14 15:00:00,2018-09-15 06:00:00,2018250N12170,MANGKHUT
1999288N12129,4.5631823539733887,1999-10-15 12:00:00,1999-10-17 06:00:00,1999288N12129,EVE
2009251N16118,3.5044631958007812,2009-09-08 18:00:00,2009-09-08 21:00:00,2009251N16118,MUJIGAE
1983287N09164,3.4432005882263184,1983-10-20 15:00:00,1983-10-21 09:00:00,1983287N09164,LEX
1980171N06142,5.0055656433105469,1980-06-22 21:00:00,1980-06-24 06:00:00,1980171N06142,HERBERT
1981317N14153,7.5683102607727060,1981-11-19 06:00:00,1981-11-20 09:00:00,1981317N14153,HAZEN
2022285N17140,4.3695459365844727,2022-10-15 15:00:00,2022-10-16 03:00:00,2022285N17140,NESAT
1986353N03178,5.4651536941528320,1986-12-31 06:00:00,1987-01-01 06:00:00,1986353N03178,NORRIS
1992289N08135,10.7808418273925781,1992-10-25 12:00:00,1992-10-26 06:00:00,1992289N08135,COLLEEN
2021248N12141,3.3482856750488281,2021-09-10 09:00:00,2021-09-11 00:00:00,2021248N12141,CHANTHU
1985267N08133,1.3620818853378296,1985-09-26 00:00:00,1985-09-26 03:00:00,1985267N08133,ANDY
2011233N12129,6.5166096687316895,2011-08-26 12:00:00,2011-08-27 21:00:00,2011233N12129,NANMADOL
2005071N06152,6.2912807464599609,2005-03-16 15:00:00,2005-03-17 15:00:00,2005071N06152,ROKE
2006329N06150,15.0879726409912074,2006-11-29 18:00:00,2006-12-01 06:00:00,2006329N06150,DURIAN
1981319N07163,14.1962776184082031,1981-11-23 15:00:00,1981-11-24 18:00:00,1981319N07163,IRMA
1981283N07132,5.6006059646606445,1981-10-11 12:00:00,1981-10-12 21:00:00,1981283N07132,FABIAN
2011205N12130,9.0809516906738281,2011-07-25 15:00:00,2011-07-27 12:00:00,2011205N12130,NOCK-TEN
1988193N09149,5.1103858947753906,1988-07-17 18:00:00,1988-07-18 06:00:00,1988193N09149,WARREN
1993105N06165,3.5166461467742920,1993-04-27 18:00:00,1993-04-28 18:00:00,1993105N06165,UNNAMED
2005316N05134,2.1468479633331299,2005-11-19 18:00:00,2005-11-20 18:00:00,2005316N05134,BOLAVEN
2001125N05129,6.7255482673645028,2001-05-05 18:00:00,2001-05-12 15:00:00,2001125N05129,CIMARON
2008104N08128,5.6348490715026855,2008-04-13 03:00:00,2008-04-14 21:00:00,2008104N08128,NEOGURI
2010198N15123,3.1635522842407227,2010-07-17 09:00:00,2010-07-18 18:00:00,2010198N15123,CHANTHU
1986287N09141,10.0616025924682599,1986-10-18 12:00:00,1986-10-19 18:00:00,1986287N09141,GEORGIA
1988271N16125,2.7388811111450195,1988-09-27 06:00:00,1988-09-27 21:00:00,1988271N16125,UNNAMED
2000141N18116,2.2286155223846436,2000-05-21 12:00:00,2000-05-21 12:00:00,2000141N18116,UNNAMED
1983276N06130,3.9145352840423584,1983-10-04 00:00:00,1983-10-05 21:00:00,1983276N06130,HERBERT
1988005N03174,7.1024575233459473,1988-01-15 18:00:00,1988-01-17 00:00:00,1988005N03174,ROY
