tc_sid,max_wind_speed,start_time,end_time,SID,Name
1998285N12149,5.4886789321899414,1998-10-20 21:00:00,1998-10-23 12:00:00,1998285N12149,BABS
2011159N13122,3.6860864162445073,2011-06-08 00:00:00,2011-06-09 06:00:00,2011159N13122,SARIKA
1993322N09137,5.2843451499938965,1993-11-19 21:00:00,1993-11-21 15:00:00,1993322N09137,KYLE
2024145N08130,4.5054197311401367,2024-05-24 09:00:00,2024-05-27 03:00:00,2024145N08130,EWINIAR
1998281N11151,4.5031228065490723,1998-10-13 21:00:00,1998-10-15 06:00:00,1998281N11151,ZEB
1991257N16130,5.7707333564758301,1991-09-15 21:00:00,1991-09-16 03:00:00,1991257N16130,NAT
2022232N18131,4.2897548675537109,2022-08-22 18:00:00,2022-08-23 12:00:00,2022232N18131,MA-ON
1983282N09155,4.3269782066345215,1983-10-13 21:00:00,1983-10-15 06:00:00,1983282N09155,KIM
1980349N10138,3.5680398941040039,1980-12-21 18:00:00,1980-12-24 00:00:00,1980349N10138,ED
2013217N11118,4.8005161285400391,2013-08-05 00:00:00,2013-08-05 00:00:00,2013217N11118,MANGKHUT
1996227N08156,2.0906009674072266,1996-08-19 12:00:00,1996-08-20 00:00:00,1996227N08156,NIKI
2024245N12129,6.8209037780761719,2024-09-01 00:00:00,2024-09-03 00:00:00,2024245N12129,YAGI
1980296N05165,4.9761142730712891,1980-11-04 00:00:00,1980-11-06 00:00:00,1980296N05165,BETTY
1989153N04144,4.9778170585632324,1989-06-05 18:00:00,1989-06-07 03:00:00,1989153N04144,DOT
1983301N11119,3.5295488834381104,1983-10-27 18:00:00,1983-10-27 21:00:00,1983301N11119,UNNAMED
2024313N10169,4.0763030052185059,2024-11-16 03:00:00,2024-11-17 18:00:00,2024313N10169,MAN-YI
2013001N04141,5.0589418411254883,2013-01-02 15:00:00,2013-01-04 00:00:00,2013001N04141,SONAMU
1998259N17118,4.1918630599975586,1998-09-17 00:00:00,1998-09-19 15:00:00,1998259N17118,VICKI
2021132N06132,3.1760551929473877,2021-05-13 12:00:00,2021-05-14 18:00:00,2021132N06132,UNNAMED
2024314N07151,1.9809308052062988,2024-11-13 21:00:00,2024-11-14 18:00:00,2024314N07151,USAGI
1992174N13126,5.3475832939147949,1992-06-21 18:00:00,1992-06-23 18:00:00,1992174N13126,CHUCK
2012296N06135,6.3763284683227539,2012-10-23 21:00:00,2012-10-25 06:00:00,2012296N06135,SON-TINH
1983279N04140,6.1171283721923828,1983-10-10 06:00:00,1983-10-11 09:00:00,1983279N04140,JOE
2018358N07140,7.1432824134826660,2018-12-28 18:00:00,2018-12-29 18:00:00,2018358N07140,UNNAMED
2005311N08140,3.4178671836853027,2005-11-10 00:00:00,2005-11-11 03:00:00,2005311N08140,TEMBIN
2006209N13130,3.8017201423645024,2006-07-30 15:00:00,2006-07-31 21:00:00,2006209N13130,PRAPIROON
1994181N17137,4.9558730125427246,1994-07-01 18:00:00,1994-07-02 06:00:00,1994181N17137,UNNAMED
1995148N07150,4.3912267684936523,1995-06-01 15:00:00,1995-06-03 09:00:00,1995148N07150,DEANNA
2015069N04173,3.3416471481323242,2015-03-20 12:00:00,2015-03-21 12:00:00,2015069N04173,BAVI
2001309N10130,8.2372570037841797,2001-11-06 06:00:00,2001-11-08 21:00:00,2001309N10130,LINGLING
1989279N07151,4.6502604484558105,1989-10-10 06:00:00,1989-10-11 03:00:00,1989279N07151,DAN
1983317N12153,2.6289653778076172,1983-11-26 21:00:00,1983-11-27 00:00:00,1983317N12153,ORCHID
1982077N04161,5.8726568222045898,1982-03-25 03:00:00,1982-03-27 21:00:00,1982077N04161,NELSON
1983167N05145,6.1228594779968262,1983-06-21 09:00:00,1983-06-22 15:00:00,1983167N05145,SARAH
2021148N05142,4.6194825172424316,2021-06-01 06:00:00,2021-06-03 00:00:00,2021148N05142,CHOI-WAN
1995293N05177,5.0020666122436523,1995-11-02 06:00:00,1995-11-03 09:00:00,1995293N05177,ANGELA
1986179N11175,6.2656235694885254,1986-07-08 15:00:00,1986-07-09 18:00:00,1986179N11175,PEGGY
2020285N17120,3.1741328239440918,2020-10-11 00:00:00,2020-10-11 09:00:00,2020285N17120,NANGKA
1981176N08150,4.4605855941772461,1981-06-30 06:00:00,1981-07-01 09:00:00,1981176N08150,KELLY
2009196N14129,4.1259059906005859,2009-07-17 03:00:00,2009-07-17 09:00:00,2009196N14129,MOLAVE
1995262N04161,2.8973143100738525,1995-09-25 03:00:00,1995-09-26 09:00:00,1995262N04161,UNNAMED
1993331N05172,5.1244850158691406,1993-12-04 21:00:00,1993-12-06 09:00:00,1993331N05172,LOLA
2018294N08161,5.2881503105163574,2018-10-29 18:00:00,2018-10-30 12:00:00,2018294N08161,YUTU
2017291N09116,7.9550395011901855,2017-10-19 12:00:00,2017-10-20 00:00:00,2017291N09116,UNNAMED
1993224N07153,3.5359473228454590,1993-08-17 15:00:00,1993-08-18 03:00:00,1993224N07153,TASHA
1996312N14125,8.9230680465698242,1996-11-06 12:00:00,1996-11-13 00:00:00,1996312N14125,ERNIE
2019071N04161,2.3882904052734375,2019-03-18 15:00:00,2019-03-19 12:00:00,2019071N04161,UNNAMED
1996058N06137,7.5537810325622559,1996-02-29 03:00:00,1996-03-02 00:00:00,1996058N06137,UNNAMED
1993298N11154,5.3202810287475586,1993-11-01 03:00:00,1993-11-02 00:00:00,1993298N11154,IRA
1993096N08148,3.4668500423431396,1993-04-13 00:00:00,1993-04-14 12:00:00,1993096N08148,UNNAMED
1983321N11111,5.6263074874877930,1983-11-23 12:00:00,1983-11-25 00:00:00,1983321N11111,PERCY
2023101N14127,3.3285114765167236,2023-04-11 09:00:00,2023-04-13 06:00:00,2023101N14127,UNNAMED
1982190N09148,4.2175388336181641,1982-07-14 09:00:00,1982-07-15 15:00:00,1982190N09148,WINONA
1983239N10183,3.4207673072814941,1983-09-06 06:00:00,1983-09-07 00:00:00,1983239N10183,ELLEN
2022099N11128,9.4031877517700213,2022-04-09 06:00:00,2022-04-12 21:00:00,2022099N11128,MEGI
2017104N11130,3.9411168098449703,2017-04-15 03:00:00,2017-04-16 18:00:00,2017104N11130,UNNAMED
2017236N15129,3.2269101142883301,2017-08-24 21:00:00,2017-08-26 00:00:00,2017236N15129,PAKHAR
1997311N10151,3.8157901763916016,1997-11-15 03:00:00,1997-11-16 18:00:00,1997311N10151,MORT
1991163N11128,4.9248976707458496,1991-06-12 12:00:00,1991-06-16 00:00:00,1991163N11128,YUNYA
1990166N06141,6.1411428451538086,1990-06-21 21:00:00,1990-06-22 12:00:00,1990166N06141,OFELIA
2017253N14130,4.8229436874389648,2017-09-11 06:00:00,2017-09-12 12:00:00,2017253N14130,DOKSURI
2003316N11141,4.0337305068969727,2003-11-13 15:00:00,2003-11-14 18:00:00,2003316N11141,NEPARTAK
2008169N08135,7.5506319999694815,2008-06-20 00:00:00,2008-06-22 15:00:00,2008169N08135,FENGSHEN
1993271N14134,5.1582942008972168,1993-10-03 21:00:00,1993-10-06 06:00:00,1993271N14134,FLO
2019329N09160,5.3920197486877441,2019-12-02 03:00:00,2019-12-03 15:00:00,2019329N09160,KAMMURI
2008238N13130,2.4598469734191895,2008-08-27 06:00:00,2008-08-28 03:00:00,2008238N13130,UNNAMED
2021276N07131,6.8994522094726562,2021-10-03 15:00:00,2021-10-05 00:00:00,2021276N07131,LIONROCK
2006298N12143,2.7418897151947021,2006-10-29 09:00:00,2006-10-30 03:00:00,2006298N12143,CIMARON
1995209N17122,5.5132246017456055,1995-07-27 18:00:00,1995-07-29 06:00:00,1995209N17122,UNNAMED
2008272N08139,2.9174988269805908,2008-09-30 00:00:00,2008-10-01 18:00:00,2008272N08139,HIGOS
2008311N08128,2.4709060192108150,2008-11-05 15:00:00,2008-11-06 21:00:00,2008311N08128,MAYSAK
1995247N05144,4.5821967124938965,1995-09-07 00:00:00,1995-09-08 06:00:00,1995247N05144,UNNAMED
1982248N14133,5.1269164085388184,1982-09-07 12:00:00,1982-09-10 00:00:00,1982248N14133,IRVING
2017284N15134,6.0440993309020996,2017-10-12 15:00:00,2017-10-13 06:00:00,2017284N15134,KHANUN
1996090N04150,5.0509471893310547,1996-04-06 15:00:00,1996-04-11 18:00:00,1996090N04150,ANN
1993261N11131,4.3135118484497070,1993-09-19 21:00:00,1993-09-20 12:00:00,1993261N11131,DOT
1980181N10130,6.1917924880981445,1980-06-29 12:00:00,1980-07-01 09:00:00,1980181N10130,UNNAMED
1994192N05139,3.1770234107971191,1994-07-15 06:00:00,1994-07-15 21:00:00,1994192N05139,WALT
1989026N11127,7.1802101135253906,1989-01-28 06:00:00,1989-01-28 06:00:00,1989026N11127,UNNAMED
2020211N14124,3.7229492664337158,2020-07-29 00:00:00,2020-07-29 18:00:00,2020211N14124,SINLAKU
1996299N11121,4.5736780166625977,1996-10-24 12:00:00,1996-10-25 12:00:00,1996299N11121,UNNAMED
2023349N04141,3.5362198352813721,2023-12-17 21:00:00,2023-12-18 18:00:00,2023349N04141,JELAWAT
2003294N11112,5.1061148643493652,2003-10-23 03:00:00,2003-10-24 00:00:00,2003294N11112,UNNAMED
2017242N19122,5.4290099143981934,2017-08-30 06:00:00,2017-08-31 00:00:00,2017242N19122,MAWAR
2013210N13122,4.8769040107727051,2013-07-28 18:00:00,2013-07-29 21:00:00,2013210N13122,JEBI
2012331N03157,4.5040917396545410,2012-12-03 18:00:00,2012-12-09 06:00:00,2012331N03157,BOPHA
2020234N19123,1.5217481851577761,2020-08-20 18:00:00,2020-08-20 18:00:00,2020234N19123,BAVI
1981256N10150,4.0317258834838867,1981-09-19 15:00:00,1981-09-20 09:00:00,1981256N10150,CLARA
2020312N10131,5.6872620582580566,2020-11-07 06:00:00,2020-11-08 06:00:00,2020312N10131,ETAU
2017312N10134,3.4748139381408691,2017-11-08 15:00:00,2017-11-10 00:00:00,2017312N10134,HAIKUI
2013178N09133,5.7936921119689941,2013-06-28 18:00:00,2013-06-30 03:00:00,2013178N09133,RUMBIA
1980225N11145,4.0165491104125977,1980-08-14 18:00:00,1980-08-16 00:00:00,1980225N11145,UNNAMED
2002222N11131,7.4709186553955069,2002-08-12 21:00:00,2002-08-13 18:00:00,2002222N11131,UNNAMED
1991062N04156,5.7042570114135742,1991-03-12 18:00:00,1991-03-14 09:00:00,1991062N04156,SHARON
1999111N08126,5.7827577590942383,1999-04-21 00:00:00,1999-04-22 15:00:00,1999111N08126,KATE
2020299N11144,6.9952216148376465,2020-10-31 18:00:00,2020-11-01 21:00:00,2020299N11144,GONI
1999253N17124,5.2492194175720215,1999-09-10 12:00:00,1999-09-12 18:00:00,1999253N17124,YORK
1980317N09118,2.3664586544036865,1980-11-12 00:00:00,1980-11-12 03:00:00,1980317N09118,UNNAMED
2008135N12116,4.5953927040100098,2008-05-17 03:00:00,2008-05-18 03:00:00,2008135N12116,HALONG
1990232N13141,6.0879278182983398,1990-08-26 00:00:00,1990-08-26 21:00:00,1990232N13141,BECKY
1988306N15130,9.2380914688110369,1988-11-01 18:00:00,1988-11-03 06:00:00,1988306N15130,UNNAMED
1993317N08149,2.0549209117889404,1993-11-18 09:00:00,1993-11-19 00:00:00,1993317N08149,UNNAMED
1985183N08136,6.1940073966979980,1985-07-04 18:00:00,1985-07-06 03:00:00,1985183N08136,UNNAMED
1996356N08110,4.2878069877624512,1996-12-26 06:00:00,1996-12-26 12:00:00,1996356N08110,GREG
1987320N03171,5.6463809013366699,1987-11-25 06:00:00,1987-11-26 06:00:00,1987320N03171,NINA
2013306N07162,5.1876502037048340,2013-11-07 18:00:00,2013-11-08 15:00:00,2013306N07162,HAIYAN
1986302N05178,5.2513818740844727,1986-11-06 12:00:00,1986-11-08 03:00:00,1986302N05178,HERBERT
2011270N18139,4.6517729759216309,2011-09-30 21:00:00,2011-10-01 15:00:00,2011270N18139,NALGAE
1989272N18120,0.1797508001327515,1989-09-28 18:00:00,1989-09-28 18:00:00,1989272N18120,BRIAN
1995334N09129,5.7821989059448242,1995-12-03 18:00:00,1995-12-05 12:00:00,1995334N09129,UNNAMED
1991317N09141,2.8494665622711186,1991-11-15 15:00:00,1991-11-18 00:00:00,1991317N09141,WILDA
1989010N16212,1.8978589773178101,1989-01-21 06:00:00,1989-01-22 00:00:00,1989010N16212,WINONA
2003226N07156,2.5273206233978271,2003-08-22 09:00:00,2003-08-23 00:00:00,2003226N07156,KROVANH
1982227N09140,7.8512926101684579,1982-08-19 06:00:00,1982-08-26 03:00:00,1982227N09140,FAYE
1980300N08137,5.2194519042968750,1980-10-28 12:00:00,1980-10-29 15:00:00,1980300N08137,CARY
1998327N09126,7.1111679077148438,1998-11-22 12:00:00,1998-11-23 18:00:00,1998327N09126,ELVIS
1984267N18120,1.8011330366134644,1984-09-22 18:00:00,1984-09-22 18:00:00,1984267N18120,LYNN
2014190N08154,6.2589511871337891,2014-07-14 21:00:00,2014-07-16 06:00:00,2014190N08154,RAMMASUN
2003196N05150,6.0384945869445801,2003-07-22 00:00:00,2003-07-22 12:00:00,2003196N05150,IMBUDO
1999342N08116,1.9580194950103760,1999-12-07 12:00:00,1999-12-07 12:00:00,1999342N08116,UNNAMED
2024259N17126,7.6607985496520996,2024-09-16 12:00:00,2024-09-17 06:00:00,2024259N17126,SOULIK
1994088N09148,8.1178016662597656,1994-04-03 12:00:00,1994-04-05 15:00:00,1994088N09148,OWEN
2021046N06142,6.9671339988708496,2021-02-21 15:00:00,2021-02-23 00:00:00,2021046N06142,DUJUAN
2016211N11128,6.5603599548339844,2016-07-30 21:00:00,2016-07-31 15:00:00,2016211N11128,NIDA
2009123N10111,3.2686254978179932,2009-05-07 06:00:00,2009-05-08 00:00:00,2009123N10111,CHAN-HOM
2008262N16142,6.7475209236145028,2008-09-22 03:00:00,2008-09-22 12:00:00,2008262N16142,HAGUPIT
1985240N08148,4.9889979362487793,1985-09-02 09:00:00,1985-09-03 18:00:00,1985240N08148,TESS
1984291N13130,7.3977961540222177,1984-10-19 15:00:00,1984-10-22 06:00:00,1984291N13130,WARREN
1995264N06174,5.0241236686706543,1995-09-29 03:00:00,1995-10-01 03:00:00,1995264N06174,SIBYL
2000299N08139,5.7996387481689453,2000-10-27 06:00:00,2000-10-31 03:00:00,2000299N08139,XANGSANE
2018039N08151,4.1532692909240723,2018-02-12 21:00:00,2018-02-15 21:00:00,2018039N08151,SANBA
2017247N16132,1.8916488885879517,2017-09-05 12:00:00,2017-09-05 18:00:00,2017247N16132,GUCHOL
2017161N13119,2.1345291137695312,2017-06-10 00:00:00,2017-06-10 00:00:00,2017161N13119,MERBOK
2006340N08142,4.9889974594116211,2006-12-09 00:00:00,2006-12-10 18:00:00,2006340N08142,UTOR
1996201N07137,4.4819626808166504,1996-07-24 15:00:00,1996-07-25 15:00:00,1996201N07137,GLORIA
2020288N13124,2.6187849044799805,2020-10-14 06:00:00,2020-10-15 00:00:00,2020288N13124,UNNAMED
2021185N13121,5.0745682716369629,2021-07-03 18:00:00,2021-07-04 03:00:00,2021185N13121,UNNAMED
2020229N18123,3.9748187065124512,2020-08-16 06:00:00,2020-08-17 06:00:00,2020229N18123,HIGOS
2016328N09130,3.1766397953033447,2016-11-24 03:00:00,2016-11-25 21:00:00,2016328N09130,TOKAGE
1982073N07153,4.1048192977905273,1982-03-19 09:00:00,1982-03-21 06:00:00,1982073N07153,MAMIE
1997143N17111,4.6920585632324219,1997-05-25 15:00:00,1997-05-26 18:00:00,1997143N17111,LEVI
1980126N08150,3.7818312644958496,1980-05-13 12:00:00,1980-05-15 21:00:00,1980126N08150,DOM
1993250N17119,4.5200138092041016,1993-09-07 12:00:00,1993-09-08 21:00:00,1993250N17119,ABE
2001181N08141,8.5624952316284180,2001-07-04 03:00:00,2001-07-04 12:00:00,2001181N08141,UTOR
1985281N02144,4.6611161231994629,1985-10-11 06:00:00,1985-10-12 15:00:00,1985281N02144,CECIL
2014260N13135,4.2676653861999512,2014-09-18 21:00:00,2014-09-19 21:00:00,2014260N13135,FUNG-WONG
2003196N11137,5.6826176643371582,2003-07-16 21:00:00,2003-07-18 06:00:00,2003196N11137,KONI
1992198N13135,4.2621240615844727,1992-07-19 18:00:00,1992-07-20 15:00:00,1992198N13135,GARY
1993166N06131,4.0543942451477051,1993-06-18 15:00:00,1993-06-20 06:00:00,1993166N06131,UNNAMED
1996305N11121,7.3256721496582031,1996-10-31 06:00:00,1996-10-31 21:00:00,1996305N11121,UNNAMED
2017202N19124,1.3254381418228147,2017-07-21 15:00:00,2017-07-21 21:00:00,2017202N19124,ROKE
1992259N11159,3.5465013980865479,1992-09-20 15:00:00,1992-09-21 09:00:00,1992259N11159,TED
2020281N14126,2.6325261592864990,2020-10-07 00:00:00,2020-10-08 12:00:00,2020281N14126,LINFA
2000334N08130,8.0698680877685547,2000-11-30 09:00:00,2000-12-01 12:00:00,2000334N08130,RUMBIA
2008012N12123,3.9594731330871582,2008-01-12 06:00:00,2008-01-13 00:00:00,2008012N12123,UNNAMED
1986276N07177,5.5660476684570312,1986-10-11 00:00:00,1986-10-12 12:00:00,1986276N07177,ELLEN
1996250N08148,4.7349057197570801,1996-09-10 00:00:00,1996-09-10 09:00:00,1996250N08148,UNNAMED
2017364N07138,4.8651275634765625,2018-01-01 09:00:00,2018-01-02 18:00:00,2017364N07138,BOLAVEN
1985284N05159,6.5310144424438477,1985-10-17 18:00:00,1985-10-19 03:00:00,1985284N05159,DOT
2009324N06129,8.2042484283447266,2009-11-24 03:00:00,2009-11-25 00:00:00,2009324N06129,UNNAMED
1999096N10136,2.8491413593292236,1999-04-09 03:00:00,1999-04-10 00:00:00,1999096N10136,UNNAMED
1995292N08150,4.4295296669006348,1995-10-23 09:00:00,1995-10-24 06:00:00,1995292N08150,YVETTE
2001170N11138,5.8080139160156250,2001-06-22 03:00:00,2001-06-22 09:00:00,2001170N11138,CHEBI
2013282N14132,5.8481602668762207,2013-10-11 09:00:00,2013-10-12 00:00:00,2013282N14132,NARI
2015226N12151,5.3945903778076172,2015-08-21 00:00:00,2015-08-21 18:00:00,2015226N12151,GONI
2015183N13130,7.0486011505126953,2015-07-04 12:00:00,2015-07-05 18:00:00,2015183N13130,LINFA
2007323N09128,9.0095386505126953,2007-11-18 18:00:00,2007-11-27 21:00:00,2007323N09128,HAGIBIS
2010191N12138,3.2617094516754150,2010-07-13 00:00:00,2010-07-14 03:00:00,2010191N12138,CONSON
1983186N04153,4.9461336135864258,1983-07-13 18:00:00,1983-07-15 12:00:00,1983186N04153,VERA
1999241N12133,5.3523912429809570,1999-09-02 03:00:00,1999-09-02 18:00:00,1999241N12133,WENDY
1993185N09137,6.0412254333496094,1993-07-07 15:00:00,1993-07-09 03:00:00,1993185N09137,LEWIS
2015348N04146,2.5127937793731689,2015-12-18 12:00:00,2015-12-19 12:00:00,2015348N04146,UNNAMED
2009173N10132,3.9408586025238042,2009-06-23 00:00:00,2009-06-24 21:00:00,2009173N10132,NANGKA
2019302N11118,2.9335823059082031,2019-10-28 12:00:00,2019-10-28 15:00:00,2019302N11118,BULBUL:MATMO
2019314N14136,3.3145780563354492,2019-11-18 00:00:00,2019-11-20 18:00:00,2019314N14136,KALMAEGI
2017008N08128,5.3032131195068359,2017-01-07 21:00:00,2017-01-11 03:00:00,2017008N08128,UNNAMED
1993059N05136,4.8987598419189453,1993-03-01 03:00:00,1993-03-02 00:00:00,1993059N05136,UNNAMED
2003357N11142,3.8317105770111088,2003-12-27 06:00:00,2003-12-27 18:00:00,2003357N11142,UNNAMED
2020291N06141,4.4033555984497070,2020-10-20 09:00:00,2020-10-21 00:00:00,2020291N06141,SAUDEL
2016355N07146,3.0816602706909180,2016-12-25 03:00:00,2016-12-26 09:00:00,2016355N07146,NOCK-TEN
1985268N16126,3.5323603153228760,1985-09-25 15:00:00,1985-09-26 09:00:00,1985268N16126,ANDY
1988177N07137,3.6591172218322754,1988-06-27 03:00:00,1988-06-28 03:00:00,1988177N07137,VANESSA
2004327N16125,2.3174076080322266,2004-11-22 03:00:00,2004-11-23 12:00:00,2004327N16125,MERBOK
2020313N08135,3.2915513515472412,2020-11-11 00:00:00,2020-11-12 03:00:00,2020313N08135,VAMCO
2022342N06133,5.7040486335754395,2022-12-09 12:00:00,2022-12-10 06:00:00,2022342N06133,PAKHAR
2013196N14128,4.8180756568908691,2013-07-16 15:00:00,2013-07-17 06:00:00,2013196N14128,CIMARON
2021296N06127,6.3474144935607910,2021-10-22 15:00:00,2021-10-23 21:00:00,2021296N06127,UNNAMED
1990250N13157,4.5576577186584473,1990-09-14 09:00:00,1990-09-14 21:00:00,1990250N13157,ED
1988307N09131,9.2380914688110369,1988-11-02 06:00:00,1988-11-04 18:00:00,1988307N09131,TESS
1980137N04158,5.6359124183654785,1980-05-24 03:00:00,1980-05-26 06:00:00,1980137N04158,FORREST
1984239N08146,3.9078719615936279,1984-09-01 12:00:00,1984-09-03 06:00:00,1984239N08146,IKE
2002214N19120,3.0478103160858150,2002-08-01 18:00:00,2002-08-01 18:00:00,2002214N19120,KAMMURI
2020296N09137,5.3090982437133789,2020-10-25 06:00:00,2020-10-26 03:00:00,2020296N09137,MOLAVE
1992188N07156,4.4217171669006348,1992-07-11 00:00:00,1992-07-11 09:00:00,1992188N07156,ELI
1981178N05160,3.5236752033233643,1981-07-03 06:00:00,1981-07-04 21:00:00,1981178N05160,LYNN
2020160N10133,5.0084686279296875,2020-06-09 12:00:00,2020-06-12 03:00:00,2020160N10133,NURI
2009213N16130,7.1655154228210449,2009-08-01 09:00:00,2009-08-01 21:00:00,2009213N16130,GONI
1990312N12121,4.1142559051513672,1990-11-08 06:00:00,1990-11-08 12:00:00,1990312N12121,NELL
2011167N08129,3.1496484279632568,2011-06-19 09:00:00,2011-06-19 21:00:00,2011167N08129,HAIMA
2024313N15138,2.2315278053283691,2024-11-10 21:00:00,2024-11-11 15:00:00,2024313N15138,TORAJI
2023201N13134,6.8197779655456543,2023-07-25 09:00:00,2023-07-26 12:00:00,2023201N13134,DOKSURI
1995294N05163,4.9554138183593750,1995-10-27 18:00:00,1995-10-29 09:00:00,1995294N05163,ZACK
2021346N05145,8.2691545486450195,2021-12-16 03:00:00,2021-12-17 15:00:00,2021346N05145,RAI
1987219N08134,4.2530369758605957,1987-08-11 18:00:00,1987-08-13 03:00:00,1987219N08134,BETTY
1988295N10138,8.6422328948974609,1988-10-23 21:00:00,1988-10-25 06:00:00,1988295N10138,RUBY
2000196N16122,6.3220720291137695,2000-07-13 18:00:00,2000-07-14 15:00:00,2000196N16122,UNNAMED
1997298N06140,3.6564826965332031,1997-10-29 03:00:00,1997-10-31 09:00:00,1997298N06140,LINDA
1984184N06139,3.1411714553833008,1984-07-05 00:00:00,1984-07-06 12:00:00,1984184N06139,BETTY
2011346N03156,3.8830788135528560,2011-12-16 03:00:00,2011-12-17 21:00:00,2011346N03156,WASHI
2009270N10148,6.0314888954162598,2009-10-02 21:00:00,2009-10-09 09:00:00,2009270N10148,PARMA
1980201N08155,5.8260936737060547,1980-07-24 21:00:00,1980-07-25 15:00:00,1980201N08155,KIM
2017347N11131,6.6065187454223633,2017-12-16 00:00:00,2017-12-18 12:00:00,2017347N11131,KAI-TAK
2004319N10134,4.2302598953247070,2004-11-15 00:00:00,2004-11-20 15:00:00,2004319N10134,MUIFA
2016287N12131,4.9772696495056152,2016-10-14 18:00:00,2016-10-16 03:00:00,2016287N12131,SARIKA
2023234N18128,6.4517560005187988,2023-08-26 00:00:00,2023-08-30 00:00:00,2023234N18128,SAOLA
2009299N12153,3.9933736324310303,2009-10-30 06:00:00,2009-10-31 03:00:00,2009299N12153,MIRINAE
1999230N12129,4.7736549377441406,1999-08-19 18:00:00,1999-08-20 15:00:00,1999230N12129,SAM
2004333N06154,5.5482883453369141,2004-12-02 00:00:00,2004-12-02 21:00:00,2004333N06154,NANMADOL
1986309N07162,6.7557911872863770,1986-11-12 06:00:00,1986-11-13 18:00:00,1986309N07162,IDA
1980076N06148,4.5796093940734863,1980-03-23 09:00:00,1980-03-25 12:00:00,1980076N06148,UNNAMED
2013049N05131,7.2862510681152353,2013-02-18 21:00:00,2013-02-20 21:00:00,2013049N05131,SHANSHAN
2020129N07134,4.0408592224121094,2020-05-14 00:00:00,2020-05-16 12:00:00,2020129N07134,VONGFONG
2002008N07141,2.7796552181243896,2002-01-12 15:00:00,2002-01-14 00:00:00,2002008N07141,TAPAH
1990171N11148,6.2510952949523926,1990-06-26 21:00:00,1990-06-27 12:00:00,1990171N11148,PERCY
2003302N11133,2.9732794761657715,2003-10-31 18:00:00,2003-11-02 00:00:00,2003302N11133,MELOR
1996246N08148,2.2922210693359375,1996-09-07 15:00:00,1996-09-07 21:00:00,1996246N08148,SALLY
2023194N16123,5.9822807312011719,2023-07-13 06:00:00,2023-07-14 06:00:00,2023194N16123,TALIM
2000193N10131,5.3639512062072754,2000-07-13 15:00:00,2000-07-14 00:00:00,2000193N10131,UNNAMED
1999310N09138,7.5804734230041504,1999-11-07 21:00:00,1999-11-10 06:00:00,1999310N09138,FRANKIE
2014080N08128,4.4891128540039062,2014-03-21 15:00:00,2014-03-24 06:00:00,2014080N08128,UNNAMED
1995276N13124,4.1792950630187988,1995-10-03 06:00:00,1995-10-04 06:00:00,1995276N13124,UNNAMED
1995225N12124,3.4604361057281494,1995-08-13 06:00:00,1995-08-14 15:00:00,1995225N12124,IRVING
1982339N07139,2.6641743183135982,1982-12-07 21:00:00,1982-12-10 18:00:00,1982339N07139,ROGER
1996137N13111,1.7230257987976074,1996-05-22 12:00:00,1996-05-22 15:00:00,1996137N13111,CAM
2015273N12130,5.3187074661254883,2015-10-01 00:00:00,2015-10-02 06:00:00,2015273N12130,MUJIGAE
2005257N15120,3.7696959972381592,2005-09-14 06:00:00,2005-09-14 06:00:00,2005257N15120,VICENTE
1988290N08145,4.1867527961730957,1988-10-20 12:00:00,1988-10-20 21:00:00,1988290N08145,PAT
1981355N07149,2.6877784729003902,1981-12-25 06:00:00,1981-12-26 12:00:00,1981355N07149,LEE
1986094N06138,3.2397511005401611,1986-04-06 00:00:00,1986-04-06 18:00:00,1986094N06138,UNNAMED
1982283N17148,2.7673528194427486,1982-10-14 09:00:00,1982-10-15 00:00:00,1982283N17148,NANCY
2013305N07141,3.0679104328155522,2013-11-03 21:00:00,2013-11-05 03:00:00,2013305N07141,UNNAMED
1987219N08155,3.4432182312011719,1987-08-17 09:00:00,1987-08-18 15:00:00,1987219N08155,CARY
2005350N08127,4.9887046813964844,2005-12-15 12:00:00,2005-12-17 12:00:00,2005350N08127,UNNAMED
1989286N14137,5.0362620353698730,1989-10-19 00:00:00,1989-10-19 15:00:00,1989286N14137,ELSIE
1987288N13168,4.2535305023193359,1987-10-23 09:00:00,1987-10-24 03:00:00,1987288N13168,LYNN
2018202N18116,4.4950313568115234,2018-07-21 06:00:00,2018-07-21 18:00:00,2018202N18116,UNNAMED
1980197N15133,5.5457406044006348,1980-07-15 21:00:00,1980-07-16 18:00:00,1980197N15133,UNNAMED
1984180N16130,3.7269244194030762,1984-07-02 06:00:00,1984-07-02 12:00:00,1984180N16130,ALEX
1990140N09122,6.0258355140686035,1990-05-19 18:00:00,1990-05-22 00:00:00,1990140N09122,UNNAMED
2012201N15129,3.1335761547088623,2012-07-20 09:00:00,2012-07-20 21:00:00,2012201N15129,VICENTE
2001047N09134,5.9328565597534180,2001-02-17 18:00:00,2001-02-22 00:00:00,2001047N09134,UNNAMED
2015085N06162,2.5459983348846436,2015-04-04 21:00:00,2015-04-05 09:00:00,2015085N06162,MAYSAK
1991301N08173,2.4229412078857422,1991-11-12 15:00:00,1991-11-14 03:00:00,1991301N08173,SETH
2015344N07145,4.5825800895690918,2015-12-13 21:00:00,2015-12-17 00:00:00,2015344N07145,MELOR
2019242N18126,2.6600623130798340,2019-08-31 00:00:00,2019-08-31 12:00:00,2019242N18126,KAJIKI
1989199N05139,4.1771268844604492,1989-07-19 21:00:00,1989-07-20 15:00:00,1989199N05139,IRVING
2007324N10140,6.2463560104370117,2007-11-25 12:00:00,2007-11-27 00:00:00,2007324N10140,MITAG
2009121N13124,4.1851263046264648,2009-04-30 18:00:00,2009-05-03 06:00:00,2009121N13124,KUJIRA
1998351N11125,3.8210654258728023,1998-12-17 00:00:00,1998-12-19 00:00:00,1998351N11125,UNNAMED
1997283N07177,3.8997535705566406,1997-10-19 06:00:00,1997-10-20 21:00:00,1997283N07177,IVAN
1991244N19126,5.1253738403320312,1991-09-01 12:00:00,1991-09-02 18:00:00,1991244N19126,JOEL
1981311N08119,3.8461401462554927,1981-11-07 03:00:00,1981-11-07 15:00:00,1981311N08119,UNNAMED
1983188N06136,4.0878653526306152,1983-07-09 15:00:00,1983-07-10 15:00:00,1983188N06136,TIP
1995236N10134,1.7001063823699951,1995-08-30 00:00:00,1995-08-30 00:00:00,1995236N10134,KENT
2016279N19130,3.2071108818054199,2016-10-05 18:00:00,2016-10-05 21:00:00,2016279N19130,AERE
2012046N08130,3.5951569080352783,2012-02-15 09:00:00,2012-02-17 00:00:00,2012046N08130,UNNAMED
1994134N05161,5.2117071151733398,1994-05-24 03:00:00,1994-05-25 03:00:00,1994134N05161,UNNAMED
1984299N18127,6.3487997055053711,1984-10-26 00:00:00,1984-10-26 03:00:00,1984299N18127,UNNAMED
1990319N07197,4.6271662712097168,1990-12-04 06:00:00,1990-12-05 00:00:00,1990319N07197,OWEN
1998217N10130,2.8767983913421631,1998-08-07 18:00:00,1998-08-08 12:00:00,1998217N10130,PENNY
2019195N13136,5.5296587944030762,2019-07-16 15:00:00,2019-07-16 21:00:00,2019195N13136,DANAS
2024293N13141,7.1954441070556641,2024-10-23 09:00:00,2024-10-24 21:00:00,2024293N13141,TRAMI
1992194N07140,5.3009095191955566,1992-07-15 00:00:00,1992-07-15 12:00:00,1992194N07140,FAYE
2021248N11131,5.7557406425476074,2021-09-06 06:00:00,2021-09-08 18:00:00,2021248N11131,CONSON
2009268N14128,7.5230274200439453,2009-09-26 00:00:00,2009-09-26 12:00:00,2009268N14128,KETSANA
1996328N08151,2.7783405780792236,1996-12-01 00:00:00,1996-12-02 00:00:00,1996328N08151,UNNAMED
2013220N12137,3.6048047542572026,2013-08-11 15:00:00,2013-08-12 03:00:00,2013220N12137,UTOR
1987311N10148,5.3949913978576660,1987-11-14 00:00:00,1987-11-15 21:00:00,1987311N10148,MAURY
2001323N05107,4.1765985488891602,2001-11-22 18:00:00,2001-11-23 06:00:00,2001323N05107,UNNAMED
1990283N15129,3.6377377510070801,1990-10-10 09:00:00,1990-10-11 06:00:00,1990283N15129,JEANA
2004158N07142,5.1590414047241211,2004-06-08 15:00:00,2004-06-10 09:00:00,2004158N07142,CHANTHU
2017232N19130,2.5870201587677002,2017-08-21 15:00:00,2017-08-21 18:00:00,2017232N19130,HATO
2020195N17125,2.3748788833618164,2020-07-13 06:00:00,2020-07-13 21:00:00,2020195N17125,UNNAMED
2011266N13139,6.5347347259521484,2011-09-26 18:00:00,2011-09-27 12:00:00,2011266N13139,NESAT
2009164N10131,4.8330135345458984,2009-06-14 18:00:00,2009-06-16 09:00:00,2009164N10131,LINFA
1996282N11162,3.3745186328887939,1996-10-17 06:00:00,1996-10-18 15:00:00,1996282N11162,ABEL:BETH
2000305N06136,4.3247394561767578,2000-11-01 18:00:00,2000-11-03 09:00:00,2000305N06136,BEBINCA
2022292N21132,1.4009846448898315,2022-10-21 12:00:00,2022-10-21 15:00:00,2022292N21132,UNNAMED
2018195N19138,4.2320003509521484,2018-07-16 09:00:00,2018-07-16 18:00:00,2018195N19138,SON-TINH
1988263N15126,4.8616366386413574,1988-09-19 09:00:00,1988-09-20 06:00:00,1988263N15126,KIT
2004174N14146,7.4426922798156738,2004-06-29 12:00:00,2004-06-30 15:00:00,2004174N14146,MINDULLE
1991111N04145,2.4273903369903564,1991-04-24 03:00:00,1991-04-25 21:00:00,1991111N04145,VANESSA
1991304N08140,4.4083876609802246,1991-11-04 12:00:00,1991-11-06 09:00:00,1991304N08140,THELMA
1995244N08139,4.4447789192199707,1995-09-03 18:00:00,1995-09-04 09:00:00,1995244N08139,NINA
2020258N11127,8.8952627182006836,2020-09-14 06:00:00,2020-09-15 12:00:00,2020258N11127,NOUL
2012317N07118,4.3075494766235352,2012-11-12 06:00:00,2012-11-12 12:00:00,2012317N07118,UNNAMED
1998342N06141,8.2355480194091797,1998-12-10 09:00:00,1998-12-11 12:00:00,1998342N06141,FAITH
2014029N10143,5.6468396186828613,2014-01-31 09:00:00,2014-02-01 09:00:00,2014029N10143,KAJIKI
2000248N18126,4.5586705207824707,2000-09-10 15:00:00,2000-09-11 18:00:00,2000248N18126,BOPHA
1986316N06146,5.3388690948486328,1986-11-19 15:00:00,1986-11-19 21:00:00,1986316N06146,JOE
2017321N07124,4.5436677932739258,2017-11-16 12:00:00,2017-11-17 09:00:00,2017321N07124,KIROGI
1982325N08176,4.0161256790161133,1982-12-07 00:00:00,1982-12-08 09:00:00,1982325N08176,PAMELA
1995215N12145,3.7193028926849370,1995-08-09 03:00:00,1995-08-09 15:00:00,1995215N12145,HELEN
2020353N06129,4.6694593429565430,2020-12-17 21:00:00,2020-12-19 15:00:00,2020353N06129,KROVANH
2002252N20121,2.4728918075561523,2002-09-08 18:00:00,2002-09-08 21:00:00,2002252N20121,HAGUPIT
1982246N16119,4.0141367912292480,1982-09-03 00:00:00,1982-09-03 15:00:00,1982246N16119,HOPE
1994250N14133,6.7577242851257324,1994-09-10 00:00:00,1994-09-10 15:00:00,1994250N14133,LUKE
1992314N08141,4.3627123832702637,1992-11-10 15:00:00,1992-11-12 03:00:00,1992314N08141,FORREST
1994197N14115,5.3719224929809570,1994-07-18 09:00:00,1994-07-19 15:00:00,1994197N14115,YUNYA
2019236N08143,6.1583614349365234,2019-08-27 12:00:00,2019-08-27 21:00:00,2019236N08143,PODUL
1996303N07155,8.9230680465698242,1996-11-05 15:00:00,1996-11-08 00:00:00,1996303N07155,ERNIE
1993253N06150,2.3780884742736816,1993-09-15 09:00:00,1993-09-16 00:00:00,1993253N06150,BECKY
1990272N11121,5.6908416748046875,1990-09-29 06:00:00,1990-09-30 03:00:00,1990272N11121,IRA
2001204N19127,2.5143876075744629,2001-07-23 09:00:00,2001-07-23 12:00:00,2001204N19127,YUTU
2005222N14131,5.4491291046142578,2005-08-11 15:00:00,2005-08-12 03:00:00,2005222N14131,SANVU
2017354N08134,8.3953723907470703,2017-12-21 15:00:00,2017-12-23 15:00:00,2017354N08134,TEMBIN
2008320N08122,4.5857543945312500,2008-11-14 18:00:00,2008-11-15 18:00:00,2008320N08122,NOUL
2017304N11127,3.1952221393585205,2017-10-31 03:00:00,2017-11-01 12:00:00,2017304N11127,DAMREY
1991289N06156,5.9254293441772461,1991-10-27 03:00:00,1991-10-29 00:00:00,1991289N06156,RUTH
1989134N07138,6.5917973518371582,1989-05-16 12:00:00,1989-05-18 03:00:00,1989134N07138,BRENDA
1989271N12142,4.8414282798767090,1989-10-05 12:00:00,1989-10-06 09:00:00,1989271N12142,ANGELA
1988356N05142,5.9824061393737793,1988-12-23 18:00:00,1988-12-27 12:00:00,1988356N05142,VAL
1999275N16135,3.4092853069305420,1999-10-04 21:00:00,1999-10-05 18:00:00,1999275N16135,DAN
1993231N09134,4.2498526573181152,1993-08-21 15:00:00,1993-08-23 12:00:00,1993231N09134,WINONA
2005262N13127,6.1206083297729492,2005-09-19 18:00:00,2005-09-22 00:00:00,2005262N13127,DAMREY
1987343N05154,5.4836525917053223,1987-12-15 18:00:00,1987-12-18 03:00:00,1987343N05154,PHYLLIS
2024308N08140,2.8388998508453369,2024-11-07 00:00:00,2024-11-07 21:00:00,2024308N08140,YINXING
2000138N16119,5.0124020576477051,2000-05-17 06:00:00,2000-05-18 09:00:00,2000138N16119,LONGWANG
1985162N05154,5.5359120368957520,1985-06-21 18:00:00,1985-06-22 06:00:00,1985162N05154,HAL
2009254N14130,3.2260038852691646,2009-09-12 15:00:00,2009-09-13 00:00:00,2009254N14130,KOPPU
2015122N07144,2.0551187992095947,2015-05-10 00:00:00,2015-05-10 21:00:00,2015122N07144,NOUL
1988150N19119,3.9308824539184566,1988-05-29 03:00:00,1988-05-29 09:00:00,1988150N19119,SUSAN
2007306N18133,3.6533474922180176,2007-11-04 09:00:00,2007-11-05 03:00:00,2007306N18133,PEIPAH
1993336N05164,5.4655590057373047,1993-12-09 15:00:00,1993-12-11 15:00:00,1993336N05164,MANNY
1984302N00149,3.8072328567504878,1984-11-04 15:00:00,1984-11-05 18:00:00,1984302N00149,AGNES
1987325N13126,4.2467260360717773,1987-11-20 21:00:00,1987-11-22 03:00:00,1987325N13126,OGDEN
1985294N10122,5.3407006263732910,1985-10-21 00:00:00,1985-10-27 15:00:00,1985294N10122,FAYE
2008217N19120,1.7742003202438354,2008-08-03 12:00:00,2008-08-03 15:00:00,2008217N19120,KAMMURI
2008229N13147,3.6639909744262695,2008-08-19 18:00:00,2008-08-20 12:00:00,2008229N13147,NURI
1994169N06152,3.7043585777282710,1994-06-22 09:00:00,1994-06-23 06:00:00,1994169N06152,SHARON
2018311N07179,5.2290563583374023,2018-11-20 12:00:00,2018-11-21 21:00:00,2018311N07179,USAGI
2015285N14151,6.9352855682373047,2015-10-17 12:00:00,2015-10-21 06:00:00,2015285N14151,KOPPU
1990129N05138,3.8201985359191895,1990-05-13 03:00:00,1990-05-15 06:00:00,1990129N05138,MARIAN
2006128N09138,5.3676381111145028,2006-05-11 09:00:00,2006-05-13 09:00:00,2006128N09138,CHANCHU
1988308N09140,7.2759284973144531,1988-11-06 21:00:00,1988-11-08 00:00:00,1988308N09140,SKIP
1993279N12114,4.7526969909667969,1993-10-07 06:00:00,1993-10-11 15:00:00,1993279N12114,UNNAMED
2013316N06130,3.7974293231964111,2013-11-11 21:00:00,2013-11-13 06:00:00,2013316N06130,PODUL
1991187N06139,6.1959371566772461,1991-07-08 21:00:00,1991-07-10 12:00:00,1991187N06139,ZEKE
2011126N11129,5.2275528907775879,2011-05-07 06:00:00,2011-05-09 21:00:00,2011126N11129,AERE
1995206N15133,4.7162585258483887,1995-07-27 03:00:00,1995-07-28 06:00:00,1995206N15133,GARY
2014254N10142,3.7151420116424561,2014-09-14 06:00:00,2014-09-14 18:00:00,2014254N10142,KALMAEGI
2003158N08156,5.0262980461120605,2003-06-14 15:00:00,2003-06-16 15:00:00,2003158N08156,SOUDELOR
1986343N05176,4.9523930549621582,1986-12-21 06:00:00,1986-12-23 00:00:00,1986343N05176,MARGE
2019004N03175,6.1069698333740234,2019-01-20 03:00:00,2019-01-22 12:00:00,2019004N03175,UNNAMED
1991220N10133,4.8605508804321289,1991-08-11 15:00:00,1991-08-13 06:00:00,1991220N10133,FRED
2016288N06146,2.3579618930816646,2016-10-19 12:00:00,2016-10-20 00:00:00,2016288N06146,HAIMA
1986228N19120,5.6106977462768555,1986-08-28 09:00:00,1986-09-03 03:00:00,1986228N19120,WAYNE
2021280N14137,5.8106064796447754,2021-10-11 06:00:00,2021-10-11 21:00:00,2021280N14137,KOMPASU
2002199N08130,5.1508178710937500,2002-07-18 12:00:00,2002-07-22 06:00:00,2002199N08130,UNNAMED
1994001N05156,2.5122532844543457,1994-01-05 06:00:00,1994-01-06 12:00:00,1994001N05156,UNNAMED
2006174N08135,3.7668719291687007,2006-06-24 09:00:00,2006-06-26 00:00:00,2006174N08135,JELAWAT
2000332N08133,8.0698680877685547,2000-11-29 15:00:00,2000-12-02 15:00:00,2000332N08133,RUMBIA
1983220N16111,4.3060989379882812,1983-08-13 18:00:00,1983-08-14 03:00:00,1983220N16111,CARMEN
2006349N08157,2.1679630279541016,2006-12-19 18:00:00,2006-12-20 06:00:00,2006349N08157,TRAMI
1997210N15120,3.0952949523925781,1997-07-28 12:00:00,1997-07-28 18:00:00,1997210N15120,VICTOR
2004074N03143,8.0076923370361328,2004-03-19 21:00:00,2004-03-20 21:00:00,2004074N03143,UNNAMED
1987245N17120,3.7346131801605225,1987-09-02 06:00:00,1987-09-02 06:00:00,1987245N17120,UNNAMED
2012177N11135,4.4041485786437988,2012-06-28 06:00:00,2012-06-28 12:00:00,2012177N11135,DOKSURI
1990163N08133,5.6591315269470215,1990-06-14 00:00:00,1990-06-15 00:00:00,1990163N08133,NATHAN
2022264N17132,5.5534496307373047,2022-09-25 00:00:00,2022-09-25 21:00:00,2022264N17132,NORU
2014334N02156,6.5222382545471191,2014-12-06 09:00:00,2014-12-09 06:00:00,2014334N02156,HAGUPIT
2007265N20122,1.9260582923889160,2007-09-21 12:00:00,2007-09-21 21:00:00,2007265N20122,FRANCISCO
1986275N10134,3.6538512706756592,1986-10-03 09:00:00,1986-10-07 03:00:00,1986275N10134,DOM
1980197N07154,4.0139327049255371,1980-07-20 15:00:00,1980-07-21 03:00:00,1980197N07154,JOE
2003144N16119,5.3176388740539551,2003-05-24 09:00:00,2003-05-27 21:00:00,2003144N16119,LINFA
1995277N07141,3.6327683925628662,1995-10-06 21:00:00,1995-10-08 12:00:00,1995277N07141,TED
1994232N10144,3.3466866016387939,1994-08-24 09:00:00,1994-08-25 03:00:00,1994232N10144,HARRY
2022299N11134,7.9932394027709970,2022-10-28 09:00:00,2022-10-29 21:00:00,2022299N11134,NALGAE
2012225N16133,4.4308638572692871,2012-08-14 15:00:00,2012-08-15 09:00:00,2012225N16133,KAI-TAK
1995252N08142,4.5094027519226074,1995-09-11 15:00:00,1995-09-14 00:00:00,1995252N08142,POLLY
2006268N12129,5.2273011207580566,2006-09-26 15:00:00,2006-09-28 12:00:00,2006268N12129,XANGSANE
2014362N07130,8.0506086349487305,2014-12-28 12:00:00,2014-12-30 21:00:00,2014362N07130,JANGMI
1994287N14156,4.7895150184631348,1994-10-20 15:00:00,1994-10-21 15:00:00,1994287N14156,TERESA
2007272N17125,7.0731797218322754,2007-09-29 00:00:00,2007-09-29 12:00:00,2007272N17125,LEKIMA
2002078N04138,4.6477384567260742,2002-03-21 03:00:00,2002-03-23 03:00:00,2002078N04138,UNNAMED
2001228N15118,6.5368251800537109,2001-08-16 06:00:00,2001-08-16 09:00:00,2001228N15118,UNNAMED
2001264N21126,4.3663225173950195,2001-09-23 03:00:00,2001-09-24 21:00:00,2001264N21126,LEKIMA
2009189N17129,4.1113171577453613,2009-07-09 15:00:00,2009-07-10 06:00:00,2009189N17129,SOUDELOR
2001338N10130,5.9816775321960449,2001-12-04 18:00:00,2001-12-06 21:00:00,2001338N10130,KAJIKI
1989314N10152,3.1652519702911377,1989-11-21 06:00:00,1989-11-22 18:00:00,1989314N10152,HUNT
1990310N07152,11.3598117828369141,1990-11-12 12:00:00,1990-11-13 18:00:00,1990310N07152,MIKE
1994189N16117,4.9588603973388672,1994-07-10 12:00:00,1994-07-10 21:00:00,1994189N16117,VANESSA
1990202N13130,4.7640604972839355,1990-07-27 00:00:00,1990-07-27 09:00:00,1990202N13130,TASHA
1989190N20160,4.9993634223937988,1989-07-15 15:00:00,1989-07-16 06:00:00,1989190N20160,GORDON
2000185N15117,4.9160237312316895,2000-07-03 12:00:00,2000-07-05 18:00:00,2000185N15117,KAI-TAK
2011282N08136,4.9888339042663574,2011-10-11 09:00:00,2011-10-13 00:00:00,2011282N08136,BANYAN
2010285N13145,5.5569267272949219,2010-10-18 00:00:00,2010-10-19 00:00:00,2010285N13145,MEGI
1991196N06153,5.2629170417785645,1991-07-22 00:00:00,1991-07-22 15:00:00,1991196N06153,BRENDAN
1993164N04160,4.4664998054504395,1993-06-25 15:00:00,1993-06-26 06:00:00,1993164N04160,KORYN
1984238N18137,5.7243432998657227,1984-08-28 15:00:00,1984-08-29 06:00:00,1984238N18137,JUNE
1984313N14154,4.8829746246337891,1984-11-17 03:00:00,1984-11-23 06:00:00,1984313N14154,BILL
1989187N15132,2.6224567890167236,1989-07-08 09:00:00,1989-07-08 21:00:00,1989187N15132,FAYE
2019354N05151,3.6627469062805176,2019-12-24 06:00:00,2019-12-25 18:00:00,2019354N05151,PHANFONE
1993353N05159,5.2297596931457520,1993-12-26 00:00:00,1993-12-27 18:00:00,1993353N05159,NELL
2022301N07140,3.2040121555328369,2022-11-02 12:00:00,2022-11-03 00:00:00,2022301N07140,BANYAN
2014329N08131,4.0551552772521973,2014-11-26 06:00:00,2014-11-27 21:00:00,2014329N08131,SINLAKU
1993193N08144,2.9903414249420166,1993-07-16 15:00:00,1993-07-17 00:00:00,1993193N08144,MARIAN
1984220N03145,4.2315626144409180,1984-08-13 12:00:00,1984-08-13 12:00:00,1984220N03145,UNNAMED
1981343N05150,5.1508808135986328,1981-12-21 21:00:00,1981-12-22 18:00:00,1981343N05150,KIT
2006311N16143,2.9206867218017578,2006-11-10 18:00:00,2006-11-11 15:00:00,2006311N16143,CHEBI
1996283N12133,4.5085444450378418,1996-10-11 15:00:00,1996-10-12 09:00:00,1996283N12133,BETH
1994345N06165,5.9162082672119141,1994-12-21 00:00:00,1994-12-22 21:00:00,1994345N06165,AXEL
2004134N07132,4.2080607414245605,2004-05-16 06:00:00,2004-05-17 09:00:00,2004134N07132,NIDA
2015203N16126,3.6804277896881104,2015-07-22 21:00:00,2015-07-23 15:00:00,2015203N16126,UNNAMED
2013301N13142,3.3692991733551025,2013-10-31 06:00:00,2013-10-31 21:00:00,2013301N13142,KROSA
2015012N09146,4.5377287864685059,2015-01-17 03:00:00,2015-01-19 12:00:00,2015012N09146,MEKKHALA
2012359N08134,3.5639886856079106,2012-12-25 09:00:00,2012-12-26 21:00:00,2012359N08134,WUKONG
2018250N12170,6.7408986091613770,2018-09-14 15:00:00,2018-09-15 06:00:00,2018250N12170,MANGKHUT
1999288N12129,3.6655898094177246,1999-10-15 12:00:00,1999-10-17 06:00:00,1999288N12129,EVE
2009251N16118,2.0750415325164795,2009-09-08 18:00:00,2009-09-08 21:00:00,2009251N16118,MUJIGAE
1983287N09164,2.7286369800567627,1983-10-20 15:00:00,1983-10-21 09:00:00,1983287N09164,LEX
1980171N06142,4.8822731971740723,1980-06-22 21:00:00,1980-06-24 06:00:00,1980171N06142,HERBERT
1981317N14153,2.9888131618499756,1981-11-19 06:00:00,1981-11-20 09:00:00,1981317N14153,HAZEN
2022285N17140,3.7618131637573242,2022-10-15 15:00:00,2022-10-16 03:00:00,2022285N17140,NESAT
1986353N03178,2.2755601406097412,1986-12-31 06:00:00,1987-01-01 06:00:00,1986353N03178,NORRIS
1992289N08135,5.5535883903503418,1992-10-25 12:00:00,1992-10-26 06:00:00,1992289N08135,COLLEEN
2021248N12141,2.9228074550628662,2021-09-10 09:00:00,2021-09-11 00:00:00,2021248N12141,CHANTHU
1985267N08133,2.0283393859863281,1985-09-26 00:00:00,1985-09-26 03:00:00,1985267N08133,ANDY
2011233N12129,3.8645150661468506,2011-08-26 12:00:00,2011-08-27 21:00:00,2011233N12129,NANMADOL
2005071N06152,3.1858873367309566,2005-03-16 15:00:00,2005-03-17 15:00:00,2005071N06152,ROKE
2006329N06150,3.9523549079895024,2006-11-29 18:00:00,2006-12-01 06:00:00,2006329N06150,DURIAN
1981319N07163,4.4115314483642578,1981-11-23 15:00:00,1981-11-24 18:00:00,1981319N07163,IRMA
1981283N07132,6.0651559829711914,1981-10-11 12:00:00,1981-10-12 21:00:00,1981283N07132,FABIAN
2011205N12130,6.4480738639831543,2011-07-25 15:00:00,2011-07-27 12:00:00,2011205N12130,NOCK-TEN
1988193N09149,4.7913255691528320,1988-07-17 18:00:00,1988-07-18 06:00:00,1988193N09149,WARREN
1993105N06165,2.7659299373626709,1993-04-27 18:00:00,1993-04-28 18:00:00,1993105N06165,UNNAMED
2005316N05134,2.5945098400115967,2005-11-19 18:00:00,2005-11-20 18:00:00,2005316N05134,BOLAVEN
2001125N05129,5.6902179718017578,2001-05-05 18:00:00,2001-05-12 15:00:00,2001125N05129,CIMARON
2008104N08128,4.5736556053161621,2008-04-13 03:00:00,2008-04-14 21:00:00,2008104N08128,NEOGURI
2010198N15123,2.3214919567108150,2010-07-17 09:00:00,2010-07-18 18:00:00,2010198N15123,CHANTHU
1986287N09141,4.5704450607299805,1986-10-18 12:00:00,1986-10-19 18:00:00,1986287N09141,GEORGIA
1988271N16125,3.2059259414672852,1988-09-27 06:00:00,1988-09-27 21:00:00,1988271N16125,UNNAMED
2000141N18116,2.3077211380004883,2000-05-21 12:00:00,2000-05-21 12:00:00,2000141N18116,UNNAMED
1983276N06130,4.5493431091308594,1983-10-04 00:00:00,1983-10-05 21:00:00,1983276N06130,HERBERT
1988005N03174,3.3309338092803955,1988-01-15 18:00:00,1988-01-17 00:00:00,1988005N03174,ROY
